0.033438 18
0.000035 2
0.000528 8
0.000073 72
3.193365 1
0.172851 1
1.177058 1
0.181102 1
0.314233 1
0.000054 6
0.791745 1
0.147110 1
0.614864 11
0.000387 98
1.465685 1
0.095106 1
0.154631 1
0.308132 1
0.131920 1
14.774525 1
0.051397 1
1.024289 1
0.810051 1
0.173652 1
0.280148 1
0.275986 1
18.685891 1
0.932991 1
0.221252 1
1.633627 2
0.000773 9
0.357546 75
0.019690 61
0.000019 9
0.000103 96
0.000042 6
0.000144 6
0.000060 215
0.000052 208
0.000072 5
0.000042 12
79.680150 6
0.003907 7
0.000190 16
0.000080 16
0.006301 5
0.000021 157
0.000363 279
0.000082 117
0.000056 47
0.000090 152
0.000040 121
0.000345 9
0.000124 537
1.037407 18
0.000312 7
33.412547 14
0.000254 128
0.000044 15
0.000481 294
0.981876 7
0.000041 5
0.000155 37
0.097572 503
0.859558 12
0.001173 60
0.001166 98
13.152046 1
0.109746 1
1.400184 1
0.227901 1
0.940260 1
0.393599 1
0.135841 1
1.380101 1
0.614394 1
0.166665 1
0.614269 1
0.123947 1
1.327301 1
0.841431 1
0.469863 1
0.781177 65
0.000107 2
0.001574 8
0.000126 90
8.997151 1
0.188476 1
0.181460 1
1.070532 4
0.173565 4
0.178047 4
0.172086 1
0.164190 1
0.156838 1
1.231414 1
0.121289 1
0.392073 1
0.963322 1
0.146883 1
0.869888 1
0.213657 1
0.080952 1
0.000350 2
1.336577 1
0.108349 1
1.034829 1
0.302822 1
0.174134 1
0.697395 11
0.795906 46
0.000651 2
0.035455 8
0.000096 90
39.629430 39
0.763347 61
0.350947 1
0.278264 3
0.335764 1
0.193995 1
0.665849 11
0.499561 11
0.031318 11
0.028684 11
0.030479 11
0.030226 11
0.029610 11
0.029904 11
0.029467 11
0.179886 11
0.182129 11
0.858116 2
0.000407 9
0.098236 98
0.544919 19
0.201238 33
0.707951 22
0.904460 11
0.094067 9
0.000444 13
0.002862 98
29.009487 95
0.076389 95
1.634058 95
4.612810 12
0.097681 31
0.392127 33
0.491872 22
0.438026 27
0.349952 31
0.251789 27
0.585797 11
0.010477 8
0.000092 54
0.000062 7
0.000039 6
0.000471 57
0.000071 6
0.000011 8
0.000064 32
0.000157 13
0.000998 6
0.000014 3
0.000586 90
0.000048 6
0.000100 6
0.000052 106
0.000061 79
0.000434 33
0.000054 144
0.001852 5
0.000031 21
0.000033 136
0.000039 263
0.000033 124
0.000028 47
0.000030 152
0.000060 121
0.001379 551
3.469405 22
0.027995 22
0.000491 22
0.034677 22
0.000365 23
0.000057 6
0.000399 17
0.042276 23
0.001020 6
0.000081 17
0.396513 23
0.049695 22
0.000727 21
0.055727 21
0.000091 6
0.000171 24
0.000256 21
0.446693 6
0.001033 16
0.119346 22
0.000577 6
0.000082 17
0.112492 6
0.000444 17
0.000695 23
0.000086 23
0.112987 6
0.000185 17
1.197618 32
0.001869 72
0.000038 8
0.000070 7
0.000022 7
0.000090 148
0.004918 2063
0.037870 32
0.005168 2325
0.000038 6
0.000024 6
0.000027 12
41.891927 6
0.000261 25
0.000038 32
0.000039 8
0.001950 98
190.229226 1
0.355948 1
0.371882 1
0.464406 1
0.950258 1
0.856680 1
2.160594 49
0.002086 2
0.000013 287
0.000159 2
0.000027 46
0.000118 2
0.000025 47
0.000020 2
0.000053 45
0.000064 2
0.000027 46
0.000019 2
0.000106 46
8.788655 504
3.653284 1
0.682702 1
0.373875 1
2.445962 1
0.149688 1
0.400238 1
0.084092 1
0.910044 1
0.952323 1
0.091232 1
0.412361 1
1.730925 2
0.000770 17
0.000231 90
136.398045 1
0.036519 1
1.006224 1
0.359127 1
0.119791 1
8.464007 1
0.338511 1
0.140877 1
0.366912 1
0.848621 1
1.251087 4
0.394130 1
0.751434 1
0.170759 1
0.581858 1
0.151996 1
0.960570 1
0.837447 1
0.977168 1
0.142657 1
6.642464 2
0.000009 9
0.014495 75
0.001269 29
0.000053 32
0.000041 6
0.000820 3
0.000104 137
0.000140 6
0.000314 6
0.000067 108
0.000039 195
0.000077 33
0.000032 72
0.000055 189
0.000117 5
0.000023 12
1.916576 6
0.002911 7
0.003147 33
0.000016 5
0.000592 43
0.000102 51
0.000519 1211
2.850357 6
0.001349 354
0.000462 6
0.000237 172
0.773246 6
0.000252 8
0.000800 42
0.096259 677
1.001176 12
0.000054 8
0.000901 52
0.001282 98
7.468651 38
0.827358 58
0.001119 11
0.002632 44
0.001922 2
0.000769 43
0.001009 8
0.000048 90
34.983630 29
0.593853 52
1.033301 2
0.000320 9
0.008740 62
0.000097 7
0.000211 6
0.000496 29
0.001353 28
0.000042 6
0.000137 8
0.000149 33
0.000028 14
0.000956 6
0.000744 3
0.000051 137
0.000039 6
0.001246 6
0.000719 1912
17.399112 71
0.000991 8
0.000051 90
108.750551 1
0.037220 1
0.168708 1
0.772764 1
0.265011 1
2.214301 20
2.609612 4
0.500555 4
0.029549 4
0.030184 4
0.029786 4
0.029526 4
0.029947 4
0.029989 4
0.029845 4
0.031262 4
0.030939 4
0.029072 4
0.030795 4
0.029851 4
0.030468 4
0.030089 4
0.030998 4
0.149513 5
0.166055 4
0.755767 1
0.639680 20
1.390136 22
0.002751 11
0.006969 8
0.000644 54
0.002144 7
0.000061 6
0.000465 29
0.000552 38
0.000471 3
0.000060 137
0.000041 6
0.000409 6
0.000063 108
0.000057 195
0.000029 33
0.000063 72
0.000049 189
0.000049 5
0.000734 12
17.486103 6
0.009076 1284
1.484774 6
0.000940 12
0.000084 3
0.497780 18
0.000184 3
0.031726 22
0.033553 6
0.000016 16
0.027126 21
0.031298 21
0.029752 21
0.029736 21
0.031056 6
0.000621 16
0.029168 24
0.029703 21
0.030428 6
0.000013 12
0.000201 3
0.029138 18
0.000079 3
0.029701 6
0.000091 16
0.030804 6
0.000008 12
0.000075 6
0.029310 6
0.000008 12
0.000076 3
0.030239 18
0.000217 3
0.232249 6
0.000290 12
0.000069 3
0.196166 18
0.000016 3
0.219757 18
0.000049 3
0.499978 21
0.029692 18
0.000009 3
0.030327 6
0.000008 12
0.000042 3
0.030480 6
0.000124 12
0.000012 3
0.030747 6
0.000045 12
0.000195 3
0.027846 6
0.000040 12
0.000086 3
0.029846 6
0.000012 12
0.000078 3
0.030835 6
0.000750 15
0.030089 6
0.000652 15
0.027863 6
0.000069 15
0.030583 21
0.030238 18
0.000012 3
0.030214 21
0.033631 6
0.000061 12
0.000197 3
0.030448 6
0.000858 15
0.029055 6
0.000079 15
0.029744 21
0.029364 21
0.029943 6
0.000090 15
0.031643 6
0.000043 15
0.028962 6
0.000062 15
0.029726 18
0.000208 3
0.030157 21
0.029659 21
0.030325 18
0.000165 3
0.029535 21
0.031407 6
0.000595 15
0.029649 21
0.029405 21
0.029600 6
0.000366 15
0.030806 6
0.000066 15
0.030365 21
0.271036 6
0.000955 15
0.728680 18
0.000068 1
0.000302 2
0.498338 6
0.000188 12
0.000260 1
0.000021 2
0.030229 6
0.000226 12
0.000058 2
0.000061 20
0.029305 6
0.000009 12
0.000081 1
0.000043 2
0.037232 6
0.000133 12
0.000064 1
0.000047 2
0.024874 6
0.000095 12
0.000037 1
0.000026 2
0.030090 6
0.000095 12
0.000037 2
0.000026 20
0.034634 18
0.000154 1
0.000016 2
0.025411 6
0.000013 12
0.000130 1
0.000048 2
0.031888 6
0.000117 12
0.000073 1
0.000033 2
0.027596 6
0.000127 12
0.000073 1
0.000033 2
0.032633 6
0.000114 12
0.000056 1
0.000103 2
0.027549 6
0.000218 12
0.000012 1
0.000056 2
0.032399 6
0.000113 12
0.000070 1
0.000032 2
0.027684 6
0.000121 12
0.000069 1
0.000033 2
0.032669 18
0.000065 1
0.000046 2
0.027296 6
0.000161 13
0.000011 2
0.034582 6
0.000013 12
0.000063 2
0.000046 20
0.026743 18
0.000040 1
0.000073 2
0.029986 6
0.000112 12
0.000073 3
0.032386 6
0.000177 12
0.000011 1
0.000048 2
0.028542 6
0.000266 13
0.000028 2
0.031654 18
0.000062 1
0.000045 2
0.029509 21
0.032940 6
0.000141 13
0.000035 2
0.030249 40
0.031468 6
0.000091 12
0.000095 3
0.028362 18
0.000070 1
0.000091 2
0.031145 6
0.000122 12
0.000054 3
0.028313 6
0.000154 12
0.000090 1
0.000019 2
0.032217 6
0.000205 15
0.030288 6
0.000093 12
0.000048 3
0.031846 6
0.000008 12
0.000107 3
0.029501 18
0.000009 22
0.028536 18
0.000075 3
0.030502 22
0.029639 18
0.032662 18
0.027871 18
0.031049 18
0.030955 18
0.659314 6
0.000021 16
0.844591 6
0.001235 14
0.000330 26
0.285909 21
0.498631 21
0.029987 18
0.000174 3
0.029432 18
0.000081 3
0.030532 21
0.031867 6
0.000059 12
0.000203 3
0.029098 18
0.000093 3
0.030246 18
0.000082 3
0.030253 6
0.000095 13
0.030525 18
0.000131 1
0.035099 18
0.001139 1
0.026993 6
0.000122 12
0.000034 1
0.032452 18
0.000048 1
0.029310 21
0.030337 6
0.000170 13
0.032333 6
0.000065 13
0.027197 19
0.031950 18
0.000012 1
0.030181 18
0.000129 1
0.031722 6
0.000012 13
0.190513 21
0.730412 22
0.000097 16
0.000082 7
0.000078 7
0.000049 11
0.000105 12
2.117701 6
0.000454 13
0.824007 6
0.000079 12
0.000309 1
0.000043 21
1.422750 22
0.204032 22
0.171937 6
0.000068 12
0.000317 4
0.167135 18
0.000193 4
0.207865 21
0.501328 6
0.000047 15
0.028821 18
0.000022 3
0.029554 6
0.000013 12
0.000164 3
0.029900 21
0.030350 6
0.000211 12
0.000030 3
0.032312 18
0.000224 3
0.031269 21
0.031692 6
0.000047 12
0.000066 3
0.030847 18
0.000012 3
0.029464 21
0.030335 18
0.000103 3
0.029298 6
0.000091 15
0.030618 18
0.000012 3
0.032026 18
0.000171 3
0.031061 21
0.028399 18
0.000197 3
0.030773 18
0.000023 3
0.030327 6
0.000479 15
0.029143 6
0.000841 15
0.028552 21
0.029519 6
0.000042 12
0.000128 3
0.031623 21
0.030651 6
0.000049 12
0.000170 3
0.030123 18
0.000126 3
0.029220 6
0.000063 15
0.030666 18
0.000168 3
0.029826 6
0.000015 12
0.000041 3
0.030196 6
0.000102 12
0.000011 3
0.030107 18
0.000083 3
0.029542 6
0.000532 15
0.788106 6
0.000432 12
0.000338 1
0.000120 2
0.499956 6
0.000018 12
0.000272 2
0.000016 20
0.031256 18
0.000070 1
0.000047 2
0.030088 6
0.000138 12
0.000073 1
0.000034 2
0.029277 6
0.000017 12
0.000105 1
0.000045 2
0.029281 18
0.000047 1
0.000065 2
0.030200 6
0.000124 15
0.030112 6
0.000145 12
0.000061 1
0.000054 2
0.030476 18
0.000067 1
0.000047 2
0.029944 6
0.000051 12
0.000070 3
0.029778 40
0.029804 6
0.000118 12
0.000056 1
0.000048 2
0.030600 21
0.030708 6
0.000118 12
0.000063 1
0.000041 2
0.029549 6
0.000014 12
0.000056 1
0.000040 2
0.029227 18
0.000091 3
0.029806 18
0.000088 1
0.000056 2
0.032467 6
0.000014 12
0.000163 1
0.000525 2
0.026347 6
0.000152 12
0.000080 1
0.000256 2
0.030008 18
0.000085 3
0.032338 6
0.000969 12
0.000094 2
0.000010 20
0.027934 18
0.000055 3
0.033795 6
0.000120 12
0.000011 1
0.000053 2
0.026534 6
0.000013 12
0.000093 1
0.000028 2
0.033490 18
0.000039 1
0.000032 2
0.027147 18
0.000050 3
0.033290 6
0.000121 13
0.000057 2
0.027384 18
0.000093 1
0.000027 2
0.160162 18
0.000039 2
0.000198 20
0.175950 21
0.162445 6
0.000786 16
0.379707 20
0.000382 14
0.000061 12
0.739568 6
0.000081 16
0.348023 6
0.000082 15
0.498888 18
0.000010 3
0.032673 6
0.000211 15
0.029424 21
0.028421 6
0.000040 12
0.000038 3
0.029961 21
0.029960 6
0.000012 12
0.000186 3
0.029559 21
0.030628 19
0.030897 6
0.000238 13
0.029475 18
0.000164 1
0.030479 19
0.031115 6
0.000089 12
0.000046 1
0.029530 19
0.032288 6
0.000067 12
0.000034 1
0.028151 18
0.000089 1
0.032658 6
0.000149 13
0.153374 6
0.000023 13
0.206674 6
0.000641 15
0.215689 19
0.300268 21
0.706677 6
0.002031 16
0.000065 16
0.000046 7
0.000047 7
0.000055 11
0.000040 12
0.390861 19
0.663877 40
0.701971 6
0.000052 12
0.000045 4
0.500465 23
0.029412 23
0.029334 6
0.000038 12
0.000162 5
0.031312 6
0.000058 12
0.000144 5
0.126866 6
0.000860 13
0.277505 21
0.251592 6
0.000053 12
0.000046 3
0.205975 21
0.190378 18
0.000016 3
0.180416 6
0.000198 15
0.165086 19
0.658567 19
0.372443 6
0.001120 18
0.000204 16
0.000068 8
0.000048 7
0.002112 11
0.000084 12
0.567278 19
0.171973 23
0.206503 19
0.499220 18
0.000040 1
0.030519 21
0.030272 21
0.031039 21
0.030127 6
0.000016 15
0.029973 6
0.000646 15
0.029433 6
0.000040 12
0.000038 3
0.029533 6
0.000064 15
0.030708 6
0.000047 12
0.000035 3
0.030486 6
0.000014 15
0.030611 6
0.000061 15
0.030111 18
0.000238 3
0.029225 6
0.000116 15
0.030810 6
0.000012 12
0.000068 3
0.032402 6
0.000039 12
0.000170 3
0.028703 6
0.000041 12
0.000135 3
0.029534 18
0.000012 3
0.030678 18
0.000018 3
0.029305 6
0.000117 15
0.030482 6
0.000058 15
0.030589 6
0.000306 15
0.030368 6
0.000654 15
0.029929 21
0.030585 18
0.000188 3
0.030465 21
0.029641 6
0.000041 12
0.000136 3
0.032390 6
0.000061 15
0.029425 6
0.000084 12
0.000158 3
0.028850 6
0.000040 12
0.000167 3
0.029621 21
0.030000 18
0.000079 3
0.029924 21
0.030694 6
0.000092 15
0.030881 18
0.000011 3
0.031451 21
0.030264 21
0.030187 6
0.000009 12
0.000038 3
0.030550 21
0.030473 6
0.000737 15
0.029913 21
0.029514 21
0.029991 6
0.000633 15
0.029766 21
0.029852 21
0.242036 6
0.000713 15
0.730959 21
0.498620 6
0.000166 12
0.000320 1
0.000040 2
0.029058 40
0.030431 6
0.000258 12
0.000083 3
0.031798 6
0.000344 12
0.000011 1
0.000033 2
0.028535 18
0.000057 3
0.030030 21
0.030294 6
0.000127 12
0.000060 1
0.000046 2
0.029046 6
0.000009 12
0.000107 22
0.031286 6
0.000108 15
0.030308 21
0.029877 6
0.000121 12
0.000086 3
0.030308 21
0.029143 6
0.000139 12
0.000040 1
0.000045 2
0.030941 21
0.029330 6
0.000137 12
0.000040 1
0.000051 2
0.029798 6
0.000010 12
0.000107 3
0.036229 18
0.000046 2
0.000056 20
0.024594 6
0.000470 12
0.000014 1
0.000104 2
0.029507 18
0.000096 3
0.032788 6
0.000129 12
0.000011 3
0.027299 6
0.000014 15
0.032577 6
0.000922 12
0.000070 1
0.000047 2
0.027200 6
0.000139 12
0.000077 1
0.000054 2
0.029873 6
0.000114 12
0.000143 2
0.000267 20
0.030646 6
0.000013 12
0.000076 1
0.000047 2
0.031335 6
0.000122 12
0.000076 1
0.000054 2
0.030723 6
0.000412 12
0.000068 1
0.000047 2
0.026518 6
0.000168 13
0.000011 2
0.030842 21
0.030337 6
0.000176 13
0.000028 2
0.029618 6
0.000181 12
0.000083 1
0.000047 2
0.031888 6
0.000101 12
0.000057 1
0.000045 2
0.029482 6
0.000083 12
0.000037 2
0.000030 20
0.031139 6
0.000179 15
0.151853 6
0.000082 12
0.000255 1
0.000043 2
0.200200 21
0.181664 6
0.000838 12
0.000018 3
0.177181 6
0.000174 12
0.000064 1
0.000032 2
0.185994 6
0.000013 12
0.000280 3
0.171428 6
0.000011 12
0.000304 22
0.175647 18
0.000053 1
0.000337 2
0.168141 42
1.338628 6
0.000682 17
0.153092 23
0.410055 19
0.181579 6
0.000216 15
0.175894 6
0.000596 13
0.072970 23
0.083330 24
0.465874 6
0.000719 17
0.190953 19
0.500508 19
0.029732 18
0.000246 1
0.030762 6
0.000037 12
0.000082 1
0.030809 6
0.000013 13
0.029678 6
0.000013 12
0.000076 1
0.030145 6
0.000090 12
0.000112 1
0.030224 21
0.029261 6
0.000684 13
0.029682 6
0.000040 12
0.000036 1
0.030222 19
0.030662 6
0.000135 12
0.000042 1
0.029924 18
0.000067 3
0.030756 6
0.000016 12
0.000409 3
0.029377 21
0.030056 6
0.000085 12
0.000159 3
0.030072 6
0.000038 12
0.000239 3
0.030534 21
0.029834 6
0.000042 12
0.000122 3
0.029752 18
0.000044 3
0.030067 18
0.000169 3
0.029883 6
0.000041 12
0.000088 3
0.029810 18
0.000014 3
0.030135 6
0.000092 12
0.000151 3
0.029373 6
0.000012 15
0.030310 6
0.000364 15
0.029143 6
0.000065 15
0.030973 6
0.000125 15
0.029317 6
0.000615 15
0.169502 6
0.000117 15
0.184087 6
0.000599 12
0.000162 3
0.785616 18
0.000099 1
0.000249 2
0.498125 6
0.000914 12
0.000017 3
0.029016 6
0.000119 12
0.000055 3
0.032375 6
0.000116 15
0.029270 6
0.000112 13
0.000029 2
0.031511 21
0.029351 6
0.000276 12
0.000068 1
0.000064 2
0.032074 6
0.000016 12
0.000046 3
0.028283 6
0.000091 12
0.000057 2
0.000029 20
0.032741 18
0.000066 1
0.000046 2
0.027528 6
0.000013 12
0.000067 1
0.000054 2
0.030657 18
0.000100 1
0.000030 2
0.035857 6
0.000088 12
0.000077 1
0.000066 2
0.031321 6
0.000587 12
0.000016 3
0.122818 6
0.000076 12
0.000036 1
0.000026 2
0.166184 6
0.000200 12
0.000219 2
0.000011 20
0.164020 6
0.001001 15
0.781594 6
0.000191 12
0.000232 4
0.000108 22
0.643704 6
0.000046 12
0.000041 3
0.409226 6
0.000065 12
0.000037 3
0.496173 21
0.031546 6
0.000056 15
0.029919 6
0.000224 15
0.030667 6
0.000282 15
0.030808 21
0.030392 21
0.029261 6
0.000040 12
0.000162 3
0.029811 6
0.000037 12
0.000126 3
0.030024 18
0.000015 3
0.031381 6
0.000141 15
0.029096 6
0.000102 15
0.029724 21
0.031004 6
0.000317 15
0.030405 21
0.030444 18
0.000258 3
0.030382 21
0.029348 18
0.000007 3
0.030472 6
0.000326 18
0.029075 19
0.372721 19
0.240045 6
0.000777 12
0.000370 8
0.669510 18
0.000153 1
0.000838 2
0.497982 18
0.000247 1
0.000022 2
0.028246 6
0.000089 12
0.000086 1
0.000085 2
0.031606 6
0.000018 12
0.000108 1
0.000099 2
0.028381 6
0.000166 15
0.030352 6
0.000160 12
0.000064 1
0.000046 2
0.029943 18
0.000081 1
0.000047 2
0.031730 6
0.000274 15
0.029096 6
0.000186 12
0.000011 2
0.000059 20
0.033121 18
0.000147 1
0.000034 2
0.028072 6
0.000176 12
0.000057 1
0.000024 2
0.029343 21
0.030564 6
0.000112 12
0.000045 1
0.000047 2
0.030183 6
0.000129 12
0.000060 1
0.000027 2
0.030016 18
0.000057 1
0.000070 2
0.030394 18
0.000075 2
0.000028 20
0.029347 6
0.000103 12
0.000073 3
0.030367 6
0.000150 16
0.000010 22
0.416299 21
0.355063 18
0.000647 1
0.000041 2
0.201435 18
0.000024 3
0.955615 23
0.333123 6
0.000880 12
0.000017 3
0.183159 21
0.191662 21
0.678465 19
0.000240 2
0.156794 18
0.000053 1
0.000271 2
0.299690 18
0.000295 1
0.000020 2
0.715912 6
0.000066 17
0.392991 19
0.499626 6
0.000039 12
0.000034 1
0.034598 6
0.000754 15
0.027374 21
0.029638 21
0.030703 21
0.030896 21
0.032363 21
0.029832 21
0.029813 18
0.000167 3
0.029572 6
0.000042 12
0.000091 3
0.029772 6
0.000112 12
0.000006 3
0.030470 18
0.000114 3
0.030021 6
0.000148 15
0.169300 6
0.000082 15
0.172036 21
0.163282 21
0.188738 18
0.000061 3
0.625450 18
0.000245 1
0.000323 2
0.498325 18
0.000216 1
0.000036 2
0.030111 21
0.030410 6
0.000126 12
0.000073 1
0.000044 2
0.029281 18
0.000086 22
0.030933 18
0.000069 1
0.000046 2
0.029202 6
0.000013 13
0.000082 2
0.029565 18
0.000045 1
0.000022 2
0.031100 21
0.029947 18
0.000082 1
0.000049 2
0.034875 21
0.186255 6
0.001102 15
0.180479 6
0.000093 12
0.000420 22
0.169698 21
0.312217 6
0.001030 34
0.422778 6
0.000094 12
0.000104 3
1.526414 19
0.162562 22
0.189225 6
0.000054 12
0.000269 3
0.112159 6
0.000076 13
0.264676 6
0.000416 19
0.172803 6
0.000084 13
0.382080 6
0.000799 15
0.297280 6
0.000019 13
0.219858 6
0.002006 13
0.204084 19
0.163866 19
0.240142 6
0.000886 15
0.191202 21
0.182157 21
0.169717 21
0.214325 6
0.000049 12
0.000217 6
0.636069 6
0.000225 12
0.000044 7
0.434050 21
0.166207 6
0.000080 12
0.000317 1
0.000016 2
0.178043 18
0.000127 3
0.199324 6
0.000070 12
0.000382 1
0.000016 3
0.377395 21
0.000088 27
0.812317 6
0.000149 12
0.000714 1
0.656759 6
0.000071 12
0.000058 1
0.000038 21
1.685903 6
0.000652 8
0.000157 61
0.000048 55
0.000074 51
0.000054 34
0.000033 13
0.000930 138
0.000009 160
0.000465 12
1.638950 6
0.000919 50
0.003261 7
0.001230 87
0.002830 580
17.800621 6
0.001662 65
0.000572 8
0.000281 90
23.927938 54
0.998116 136
0.000184 11
0.004958 27
0.000511 37
0.000805 8
0.000429 90
27.562070 45
0.527386 136
1.067398 11
0.008575 8
0.006065 54
0.000116 7
0.000040 6
0.001889 29
0.002297 28
0.002798 6
0.000161 8
0.000102 32
0.000048 13
0.000039 6
0.000784 3
0.000057 137
0.000019 6
0.000146 6
0.000057 108
0.000638 195
0.000048 33
0.000048 72
0.000033 189
0.001397 5
0.000053 72
0.000043 7
0.000048 114
0.000043 11
0.000047 72
0.000042 7
0.000045 59
0.000043 12
0.000151 25
0.000092 89
0.000028 31
0.000095 308
0.000046 29
2.086988 6
0.000041 12
0.001914 4
0.743977 6
0.000247 16
0.499623 6
0.000081 16
0.029875 6
0.000063 16
0.030674 22
0.030347 22
0.030445 18
0.000013 4
0.030179 6
0.000018 17
0.030269 6
0.000054 17
0.030510 6
0.000366 17
0.033736 6
0.000570 12
0.000080 5
0.027450 23
0.298202 21
0.184229 21
0.859139 50
0.000325 15
0.000136 12
1.790933 23
1.528065 6
0.000019 17
0.169908 6
0.000052 12
0.000209 5
0.191655 18
0.000258 5
0.157776 6
0.000177 20
0.000608 5
0.177007 6
0.000823 17
0.159249 23
2.418347 27
0.000430 48
0.001878 55
0.000177 51
0.000167 47
0.000030 101
0.000140 31
0.000021 6
0.000077 154
0.000056 6
0.000059 12
0.644503 14
0.000268 5
0.000068 37
0.007167 7
0.000530 16
0.000043 14
0.000641 49
0.000050 588
0.949374 6
0.000345 5
0.000186 8
0.000358 12
0.000072 32
0.000300 8
0.001101 98
0.264157 16
0.451551 90
0.779982 11
0.004200 27
0.000072 35
0.000058 2
0.001153 8
0.000072 90
95.995166 45
0.111650 136
0.739361 11
0.008995 8
0.000148 54
0.000084 7
0.000122 6
0.001507 29
0.000056 28
0.000040 6
0.000105 8
0.000044 32
0.000041 13
0.000038 6
0.001405 3
0.000056 137
0.000048 6
0.000098 6
0.000178 336
0.000046 72
0.000050 189
0.000926 5
0.000051 72
0.000036 7
0.000052 114
0.000466 11
0.000591 72
0.000061 163
0.000128 60
0.000142 157
0.000011 151
0.000571 17
0.000041 12
1.880240 6
0.000044 12
0.000110 4
0.499562 6
0.000043 12
0.000034 4
0.030346 22
0.032650 22
0.029595 18
0.000024 4
0.029294 22
0.029994 22
0.029901 6
0.000038 12
0.000163 5
0.029622 6
0.000138 12
0.000035 5
0.030692 6
0.000109 12
0.000016 5
0.030460 18
0.000036 5
0.030556 23
0.029850 6
0.000012 17
0.030294 6
0.000338 17
0.029660 23
0.030713 23
0.031023 6
0.000228 12
0.000054 5
0.029280 18
0.000074 5
0.030334 6
0.000055 12
0.029855 6
0.000158 20
0.000035 5
0.376598 18
0.273935 6
0.000076 15
2.864842 6
0.000373 8
0.000052 13
0.000047 51
0.000743 42
0.001038 40
0.000081 34
0.000075 13
0.000047 44
0.000048 52
0.000043 31
0.000051 6
0.000052 151
0.000042 18
2.933247 647
4.672301 6
0.000095 7
0.000073 16
0.000042 6
0.001245 8
0.000274 12
0.000105 22
0.000142 12
0.497416 6
0.000139 12
0.000311 1
0.000045 21
0.029555 6
0.000125 12
0.000048 1
0.000080 21
0.035076 6
0.000315 34
0.026184 40
0.032450 6
0.000142 12
0.000039 1
0.000109 21
0.028335 6
0.000211 12
0.000042 1
0.000051 21
0.030606 6
0.000331 12
0.000012 22
0.031510 6
0.000014 12
0.000054 1
0.000117 21
0.028520 6
0.000160 12
0.000095 22
0.029651 18
0.000058 22
0.029970 6
0.000226 12
0.000011 1
0.000031 21
0.029874 40
0.029054 6
0.000467 12
0.000063 1
0.000049 21
0.030048 6
0.000166 12
0.000140 1
0.000034 21
0.030230 18
0.000079 1
0.000050 21
0.029759 6
0.000600 12
0.000220 22
0.028631 18
0.000087 1
0.000057 21
0.031798 6
0.000171 12
0.001907 1
0.000045 21
0.026034 6
0.000182 6
0.000045 3
0.000019 12
0.000052 8
0.000082 21
0.030124 6
0.000014 12
0.000095 1
0.000033 21
0.031542 6
0.000158 12
0.000041 1
0.000077 21
0.029540 40
0.033458 6
0.000185 12
0.000059 1
0.000032 21
0.028261 6
0.000248 12
0.000012 8
0.000069 144
0.029543 6
0.000173 34
0.032357 6
0.000152 12
0.000061 1
0.000053 21
0.028708 40
0.029648 6
0.000141 12
0.000076 1
0.000032 21
0.029469 6
0.000144 12
0.000115 1
0.000031 21
0.029977 40
0.028662 6
0.000140 12
0.000060 1
0.000065 21
0.031730 6
0.000013 12
0.000076 1
0.000647 21
0.028829 6
0.000008 12
0.000106 22
0.030920 40
0.028909 6
0.000138 12
0.000053 1
0.000054 21
0.029158 18
0.000280 22
0.030822 18
0.000075 1
0.000096 21
0.032918 6
0.000034 12
0.001188 1
0.000087 21
0.026317 18
0.000078 1
0.000050 21
0.032294 6
0.000221 12
0.000163 22
0.028325 40
0.031484 6
0.000162 12
0.000078 1
0.000060 21
0.030087 6
0.000153 12
0.000044 1
0.000058 21
0.031238 6
0.000145 34
0.028941 6
0.000128 12
0.000053 1
0.000051 21
0.033224 18
0.000047 1
0.000041 21
0.029324 6
0.000012 34
0.030328 6
0.000172 12
0.000074 1
0.000066 21
0.029276 40
0.029972 18
0.000075 1
0.000049 21
0.029502 6
0.000013 12
0.000083 1
0.000031 21
0.030503 18
0.000070 1
0.000058 21
0.031513 18
0.000130 1
0.000050 21
0.028276 6
0.000123 12
0.000039 1
0.000050 21
0.032562 6
0.000121 12
0.000039 1
0.000050 21
0.026156 6
0.000103 12
0.000057 1
0.000030 21
0.032744 18
0.000065 4
0.000023 4
0.000049 21
0.028263 6
0.000204 13
0.000010 21
0.038318 6
0.000130 12
0.000101 1
0.000065 21
0.024149 40
0.029551 40
0.030637 18
0.000097 1
0.000031 21
0.029363 18
0.000038 1
0.000054 21
0.035956 6
0.000160 12
0.000010 22
0.027323 6
0.000175 12
0.001796 22
0.028186 6
0.000351 54
0.029866 6
0.000128 12
0.000040 1
0.000027 21
0.030653 6
0.000135 12
0.000035 1
0.000041 21
0.028926 40
0.028652 6
0.000168 12
0.000060 1
0.000067 21
0.033211 6
0.000176 12
0.000076 1
0.000033 21
0.026482 18
0.000047 1
0.000077 21
0.031746 6
0.000156 34
0.028366 6
0.000215 12
0.000062 1
0.000058 21
0.031524 18
0.000068 1
0.000072 21
0.028663 6
0.000013 12
0.000101 1
0.000028 21
0.032700 18
0.000041 1
0.000039 21
0.027204 40
0.029257 6
0.000153 12
0.000077 1
0.000077 21
0.030369 19
0.000061 21
0.032105 6
0.000209 12
0.000065 1
0.000010 21
0.026961 6
0.000014 12
0.000085 1
0.000050 21
0.031255 18
0.000081 1
0.000067 21
0.029558 6
0.001287 12
0.001012 22
0.026651 40
0.032183 40
0.028881 6
0.000155 12
0.000078 22
0.034927 18
0.000057 22
0.027760 6
0.000299 12
0.000083 153
0.000061 21
0.028535 18
0.000065 1
0.000053 21
0.030661 6
0.000085 12
0.000075 1
0.000076 21
0.030372 40
0.029782 6
0.000138 12
0.000065 1
0.000103 21
0.029376 40
0.030022 6
0.000252 12
0.000047 1
0.000032 21
0.029875 18
0.000075 1
0.000050 21
0.029759 6
0.000383 12
0.000212 1
0.000076 21
0.029495 6
0.000137 12
0.000065 1
0.000067 21
0.032952 40
0.028664 6
0.000195 12
0.000064 1
0.000066 21
0.031258 40
0.027999 6
0.000161 12
0.000063 1
0.000066 21
0.033223 6
0.000141 34
0.027406 6
0.000188 12
0.000011 1
0.000057 21
0.033289 40
0.028587 6
0.000173 12
0.000085 1
0.000032 21
0.032066 6
0.000191 12
0.000041 1
0.000050 21
0.029845 6
0.000013 12
0.000075 1
0.000050 21
0.030766 6
0.000148 12
0.000061 1
0.000102 21
0.030204 40
0.030063 40
0.029830 18
0.000065 1
0.000049 21
0.030962 6
0.000012 12
0.000111 1
0.000063 21
0.032267 18
0.000297 1
0.000073 21
0.028124 18
0.000079 1
0.000050 21
0.032467 6
0.001428 12
0.000083 1
0.000026 21
0.027256 6
0.000214 34
0.034277 6
0.000119 12
0.000080 1
0.000026 21
0.028797 18
0.000076 1
0.000051 21
0.029781 6
0.000128 13
0.000010 21
0.030318 6
0.000131 12
0.000072 1
0.000006 21
0.029856 40
0.029508 6
0.000115 12
0.000061 1
0.000047 21
0.029120 18
0.000047 1
0.000050 21
0.034282 6
0.000143 13
0.000058 21
0.026643 6
0.000013 12
0.000073 1
0.000055 21
0.038154 6
0.000093 12
0.000083 22
0.025562 6
0.000106 12
0.000036 1
0.000050 21
0.027973 18
0.000337 4
0.000043 25
0.032496 6
0.000171 12
0.000041 1
0.000050 21
0.030057 18
0.000008 1
0.000064 21
0.032600 6
0.000064 12
0.000108 22
0.032259 40
0.024078 6
0.000107 34
0.031130 6
0.000108 34
0.029710 6
0.000063 12
0.000033 1
0.000031 21
0.031118 6
0.000110 12
0.000038 1
0.000048 21
0.031043 50
0.029155 14
0.000073 12
0.000044 22
0.000056 12
0.029145 6
0.000116 12
0.000039 1
0.000050 21
0.030933 6
0.000145 12
0.000090 22
0.029073 18
0.000049 1
0.000029 21
0.030765 6
0.000135 34
0.029252 6
0.000013 12
0.000072 1
0.000054 21
0.032803 6
0.000114 12
0.000075 22
0.026475 18
0.000129 22
0.033127 18
0.000066 1
0.000010 21
0.028215 6
0.000131 34
0.030176 6
0.001379 12
0.000011 1
0.000064 21
0.027883 18
0.000071 1
0.000038 21
0.033469 6
0.000143 13
0.000080 21
0.029299 6
0.000153 8
0.000051 12
0.000044 22
0.000035 12
0.029195 40
0.030262 40
0.030449 6
0.000101 12
0.000038 1
0.000054 21
0.030088 18
0.000118 1
0.000100 21
0.029314 18
0.000092 22
0.030241 6
0.000037 12
0.000032 1
0.000071 21
0.029822 18
0.000073 1
0.000029 21
0.029656 6
0.000089 12
0.000078 22
0.030271 18
0.000134 1
0.000011 21
0.031411 40
0.028717 6
0.000249 8
0.000028 12
0.000067 22
0.000006 12
0.033634 18
0.000047 1
0.000060 21
0.025611 18
0.000099 22
0.031000 6
0.000143 13
0.000011 21
0.033897 18
0.000039 1
0.000120 21
0.026902 18
0.000073 1
0.000058 21
0.030523 6
0.000106 12
0.000071 1
0.000010 21
0.029050 18
0.000071 1
0.000025 21
0.030844 40
0.030104 18
0.000121 22
0.030023 6
0.000109 13
0.000059 21
0.029720 6
0.000430 50
0.029571 6
0.000013 12
0.000124 22
0.031662 13
0.000054 12
0.000048 33
0.028778 18
0.000127 1
0.000019 25
0.029913 18
0.000035 1
0.000078 21
0.032173 6
0.000338 34
0.026250 6
0.000113 12
0.000087 1
0.000021 21
0.031063 6
0.000082 12
0.000128 1
0.000049 21
0.028672 56
0.034281 6
0.001051 12
0.000092 2
0.027125 6
0.000344 7
0.000056 12
0.000042 21
0.000044 12
0.029194 6
0.000113 12
0.000079 22
0.030614 6
0.000013 12
0.000076 1
0.000036 21
0.029382 18
0.000047 1
0.000059 21
0.029214 6
0.000046 34
0.032663 6
0.000108 12
0.000057 1
0.000053 21
0.027856 6
0.000012 34
0.030402 48
0.029331 18
0.000073 1
0.000029 21
0.029743 18
0.000073 1
0.000112 21
0.029992 6
0.000128 12
0.000069 1
0.000060 21
0.029605 6
0.000133 34
0.030252 6
0.000014 12
0.000083 22
0.032566 6
0.000127 13
0.000042 21
0.036106 40
0.023753 40
0.028606 6
0.000065 12
0.000082 22
0.031481 12
0.000071 11
0.000077 32
0.029829 40
0.030437 6
0.000213 7
0.000040 11
0.000054 33
0.029984 6
0.000009 12
0.000165 22
0.030293 40
0.031737 6
0.000159 12
0.000060 1
0.000031 21
0.029204 40
0.031684 6
0.000104 12
0.000057 1
0.000071 21
0.028715 18
0.000076 1
0.000030 21
0.031156 6
0.000100 12
0.000073 1
0.000028 21
0.029720 40
0.029512 40
0.030518 6
0.000211 12
0.000065 1
0.000048 21
0.030283 18
0.000076 1
0.000053 21
0.030352 6
0.000102 12
0.000104 22
0.031609 18
0.000064 1
0.000048 21
0.027840 6
0.000189 13
0.000011 28
0.033187 40
0.028386 6
0.000101 12
0.000056 1
0.000048 21
0.030656 18
0.000068 1
0.000029 21
0.029332 6
0.000096 12
0.000037 1
0.000053 21
0.033549 18
0.000120 22
0.029833 18
0.000121 1
0.000060 21
0.027374 18
0.000075 1
0.000029 21
0.029966 9
0.000064 11
0.000046 17
0.000041 12
0.030169 6
0.000012 6
0.000072 11
0.000044 20
0.000025 12
0.029746 6
0.000115 12
0.000011 2
0.030204 6
0.000156 7
0.000057 11
0.000073 33
0.029714 6
0.000121 12
0.000123 22
0.029790 18
0.000111 22
0.033664 6
0.000261 34
0.027537 6
0.000162 12
0.000054 1
0.000054 21
0.036233 18
0.000132 1
0.000051 21
0.028158 6
0.000188 12
0.000057 1
0.000046 21
0.030660 18
0.000113 1
0.000525 21
0.028281 6
0.000012 12
0.000066 1
0.000070 21
0.031370 6
0.000108 12
0.000075 1
0.000010 21
0.029595 18
0.000040 1
0.000039 21
0.030002 18
0.000260 1
0.000034 21
0.030323 40
0.029228 18
0.000075 1
0.000031 21
0.029686 6
0.000108 12
0.000061 1
0.000043 21
0.034185 6
0.000103 12
0.000073 4
0.000026 5
0.000054 21
0.027560 6
0.000046 34
0.029292 6
0.000103 12
0.000056 1
0.000051 21
0.029026 18
0.000087 1
0.000037 21
0.032753 6
0.000033 12
0.000100 1
0.000017 21
0.027017 6
0.000095 12
0.000071 22
0.031784 6
0.000013 34
0.029255 6
0.000382 12
0.000093 1
0.000018 21
0.032046 6
0.000062 12
0.000036 1
0.000062 21
0.028792 6
0.000114 12
0.000011 1
0.000054 21
0.031495 12
0.000079 43
0.028407 40
0.029957 6
0.000149 7
0.000032 11
0.000044 21
0.000045 12
0.031703 40
0.028710 6
0.000102 12
0.000055 1
0.000053 21
0.029160 6
0.000144 34
0.030670 6
0.000102 12
0.000871 22
0.031490 40
0.025985 40
0.034769 40
0.027016 40
0.037985 18
0.000268 22
0.026838 6
0.000163 12
0.000232 22
0.027038 6
0.000240 34
0.030988 18
0.000070 1
0.000036 21
0.032665 6
0.000093 12
0.000074 22
0.027159 6
0.000013 12
0.000100 8
0.000010 21
0.030647 18
0.000130 1
0.000031 21
0.034128 6
0.000012 12
0.000069 1
0.000060 21
0.028730 18
0.000071 1
0.000029 21
0.029808 6
0.000144 12
0.000073 1
0.000036 21
0.029992 6
0.000086 12
0.000116 22
0.030814 6
0.000159 12
0.000038 1
0.000053 21
0.029941 18
0.000044 1
0.000071 21
0.031879 6
0.000072 12
0.029908 6
0.000081 12
0.029389 6
0.000087 12
0.030279 6
0.000020 12
0.029430 6
0.000018 12
0.030797 6
0.000048 12
0.030119 18
0.030334 6
0.000007 12
0.030500 18
0.029600 18
0.030224 6
0.000058 12
0.030981 18
1.145883 18
0.000205 3
0.661118 6
0.000060 12
0.000305 1
0.000036 3
1.090730 6
0.004561 61
0.000179 82
0.000073 114
0.000033 11
0.000338 1337
1.292631 14
0.001563 524
0.624757 6
0.000365 8
0.000216 5
0.000086 37
0.005226 677
0.495958 12
0.000895 60
0.000512 8
0.000290 90
0.443281 16
0.276140 90
0.763811 11
0.003783 67
0.000156 2
0.000163 56
0.000054 2
0.001922 98
5.650305 45
0.324311 136
0.859013 2
0.000079 9
0.013656 8
0.000267 54
0.000070 7
0.000056 6
0.001710 29
0.000052 28
0.000039 6
0.000105 8
0.000044 33
0.000039 14
0.000068 6
0.001177 3
0.000222 137
0.000831 6
0.001413 6
0.000054 108
0.000040 195
0.000059 33
0.000027 72
0.000816 189
0.000061 5
0.000067 61
0.000048 82
0.000048 114
0.000044 11
0.000047 65
0.000046 82
0.001656 59
0.000047 12
0.000046 44
0.000148 1080
4.791884 18
0.689289 6
0.000242 16
0.190067 18
0.000016 4
0.181886 6
0.000050 12
0.000305 4
0.499922 18
0.000012 4
0.030021 6
0.000098 16
0.031325 6
0.000013 16
0.034642 6
0.000884 16
0.024374 6
0.000060 17
0.029553 6
0.000054 17
0.030023 23
0.030670 23
0.031257 23
0.030543 18
0.000008 5
0.298601 6
0.000948 15
0.280581 19
0.211284 18
0.000180 3
0.181881 19
0.502099 19
0.030738 12
0.000028 3
0.000022 12
0.000139 7
0.028680 6
0.000645 15
0.029920 21
0.028859 21
0.031463 6
0.000240 12
0.000018 3
0.029270 21
0.030751 21
0.029252 21
0.030521 6
0.000071 12
0.000064 3
0.031140 6
0.000694 15
0.028770 21
0.030092 21
0.030719 21
0.030286 6
0.000039 12
0.000239 3
0.030249 6
0.000059 15
0.030516 6
0.000010 12
0.000099 3
0.030921 6
0.000407 15
0.028923 21
0.030824 6
0.000040 12
0.000038 3
0.031488 21
0.028284 18
0.000012 3
0.029345 6
0.000171 12
0.000046 3
0.029979 6
0.000040 12
0.000036 3
0.029645 6
0.000130 15
0.030292 6
0.000012 12
0.000405 3
0.030175 18
0.000012 3
0.030414 21
0.030216 6
0.000207 15
0.029709 18
0.000039 3
0.031150 21
0.029013 21
0.029692 6
0.000681 15
0.029972 21
0.030578 18
0.000161 3
0.029943 6
0.000043 12
0.000037 3
0.030131 18
0.000078 3
0.029967 6
0.000117 12
0.000007 3
0.029849 18
0.000080 3
0.029499 18
0.000011 3
0.252019 6
0.000013 12
0.000247 3
0.779822 13
0.001173 44
0.498404 6
0.000851 12
0.000271 3
0.029486 18
0.000040 1
0.000081 2
0.031762 6
0.000183 12
0.000045 1
0.000116 2
0.028297 18
0.000082 1
0.000043 2
0.031999 6
0.000272 15
0.029765 6
0.000014 12
0.000111 3
0.032376 18
0.000068 1
0.000044 2
0.027994 18
0.000044 2
0.000082 20
0.032019 18
0.000066 1
0.000082 2
0.028915 6
0.000135 12
0.000096 3
0.032689 18
0.000058 3
0.029133 6
0.000204 12
0.000049 3
0.032789 6
0.000015 15
0.027366 6
0.000126 12
0.000057 1
0.000061 2
0.032855 6
0.000143 12
0.000661 1
0.000059 2
0.029517 18
0.000045 1
0.000058 2
0.031052 18
0.000119 2
0.000006 20
0.032819 6
0.000147 13
0.000039 2
0.026585 6
0.000134 12
0.000089 1
0.000018 2
0.033124 6
0.000120 12
0.000070 22
0.027397 18
0.000183 1
0.000039 2
0.032366 6
0.000130 12
0.000061 1
0.000244 2
0.026459 6
0.000146 15
0.029504 6
0.000133 13
0.000053 2
0.033512 6
0.000079 12
0.001821 22
0.025495 21
0.030792 18
0.000046 1
0.000047 2
0.030100 21
0.029384 6
0.000108 12
0.000057 1
0.000044 2
0.029784 6
0.000169 15
0.030295 6
0.000138 12
0.000063 1
0.000048 2
0.029542 18
0.000049 3
0.030629 6
0.000118 12
0.000059 1
0.000027 2
0.030806 18
0.000199 1
0.000011 2
0.147945 18
0.000052 1
0.000289 2
0.193667 20
0.000290 20
0.155676 19
0.000039 2
0.168094 18
0.000231 1
0.000040 23
1.657749 25
0.871829 6
0.000928 36
0.839197 538
0.670201 6
0.000899 8
0.000440 5
0.000156 37
0.004809 23
0.002273 6
0.000050 648
0.736962 6
0.001135 6
0.000256 8
0.000043 12
0.000035 32
0.000082 8
0.002739 8
0.000078 90
0.316435 16
0.394167 90
0.760298 11
0.004408 69
0.000027 58
0.000769 8
0.000051 90
2.428455 45
0.162771 136
0.873699 11
0.011848 8
0.000980 54
0.000141 7
0.000041 6
0.001140 29
0.000062 28
0.000024 6
0.000672 8
0.000048 33
0.000041 14
0.000039 6
0.002224 3
0.000037 137
0.000372 12
0.000062 108
0.000057 195
0.000062 33
0.000047 72
0.000076 189
0.002295 66
0.000188 1483
6.123631 18
0.375491 18
0.000293 4
0.299743 18
0.000290 3
0.256555 6
0.000016 15
0.499196 21
0.029594 21
0.030236 21
0.030981 18
0.000037 3
0.030300 21
0.030641 21
0.031161 21
0.028706 6
0.000051 12
0.000153 3
0.031003 21
0.029408 6
0.000187 15
0.029961 6
0.000041 12
0.000372 3
0.029843 18
0.000042 3
0.029951 6
0.000043 12
0.000073 3
0.030424 18
0.000127 3
0.029727 6
0.000014 15
0.030149 6
0.000680 28
0.029571 21
0.030910 6
0.000061 15
0.029151 6
0.000090 15
0.030082 18
0.000012 3
0.030477 21
0.030836 21
0.926443 6
0.000403 7
0.000266 16
0.000078 6
0.002065 12
0.000153 7
0.000595 2
0.496678 18
0.000352 3
0.027535 18
0.000154 1
0.000052 2
0.032387 6
0.000013 12
0.000071 1
0.000047 2
0.029481 6
0.000123 12
0.000039 2
0.000045 20
0.030244 21
0.030191 6
0.000203 12
0.000062 1
0.000100 2
0.029367 18
0.000076 3
0.030380 6
0.000109 12
0.000134 1
0.000049 2
0.029461 18
0.000050 3
0.030320 6
0.000185 12
0.000110 3
0.031228 6
0.000104 15
0.031221 40
0.028494 6
0.000012 12
0.000069 1
0.000051 2
0.029860 18
0.000260 1
0.000060 2
0.030439 6
0.000013 12
0.000065 1
0.000043 2
0.029928 6
0.000145 12
0.000245 1
0.000070 2
0.029483 6
0.000123 12
0.000091 1
0.000070 2
0.029704 18
0.000050 3
0.204037 18
0.000222 1
0.000036 2
0.182040 18
0.000052 2
0.000353 20
0.164607 21
0.326767 18
0.000322 1
0.000011 3
0.923519 22
0.499016 18
0.000246 4
0.030825 22
0.154876 6
0.000858 16
0.202985 22
0.212546 21
0.498680 6
0.000062 15
0.030459 6
0.000042 12
0.000037 3
0.029962 6
0.000673 15
0.030673 21
0.030968 21
0.030538 18
0.000076 3
0.030208 6
0.000073 15
0.029787 6
0.000016 12
0.000089 3
0.030312 18
0.000220 3
0.029680 6
0.000057 15
0.030337 6
0.000078 12
0.000173 3
0.029540 18
0.000221 3
0.029000 6
0.000013 12
0.000129 3
0.030326 6
0.000045 15
0.030412 21
0.030276 6
0.000046 12
0.000239 3
0.030318 6
0.000055 12
0.000058 3
0.029327 18
0.000074 3
0.031090 6
0.000159 12
0.000011 3
0.029054 21
0.029730 6
0.000046 12
0.000219 3
0.029109 21
0.165296 18
0.000031 3
0.188911 21
0.704556 18
0.000232 3
0.499365 21
0.030849 21
0.028418 6
0.000240 12
0.000055 1
0.000061 2
0.029409 6
0.000113 12
0.000038 2
0.000048 20
0.029867 6
0.000097 12
0.000087 3
0.030217 18
0.000072 1
0.000047 2
0.029850 6
0.000114 15
0.028820 6
0.000231 13
0.000040 2
0.030196 6
0.000064 12
0.000060 1
0.000045 2
0.030849 6
0.000332 13
0.000738 2
0.028348 6
0.000173 12
0.000079 1
0.000024 2
0.032607 6
0.000101 15
0.029173 6
0.000151 12
0.000065 1
0.000046 2
0.034035 18
0.000141 2
0.000049 20
0.028865 6
0.000128 12
0.000056 1
0.000050 2
0.031610 21
0.029567 18
0.000041 1
0.000057 2
0.030084 6
0.000098 12
0.000117 3
0.030011 6
0.000013 15
0.031227 21
0.030263 18
0.000086 1
0.000028 2
0.181616 6
0.000946 34
0.166656 21
0.154099 22
1.136337 22
0.499095 6
0.000078 16
0.029982 6
0.000213 17
0.029383 6
0.000056 17
0.030189 23
0.030499 18
0.000041 5
0.029437 6
0.000042 12
0.000164 5
0.029988 18
0.000045 5
0.030589 6
0.000139 17
0.030666 6
0.000706 12
0.000011 5
0.029199 23
0.030583 23
0.030587 6
0.000013 12
0.000080 5
0.546325 6
0.000013 12
0.000222 1
0.499892 18
0.000182 1
0.030151 6
0.000046 12
0.000071 1
0.030430 6
0.000012 12
0.000073 3
0.031147 21
0.030286 6
0.000088 15
0.031482 6
0.000334 15
0.028505 18
0.000015 3
0.029348 21
0.031692 6
0.000014 12
0.000089 3
0.030502 6
0.000096 12
0.000010 3
0.029031 6
0.000247 15
0.030154 21
0.030070 21
0.029968 6
0.000009 15
0.029721 21
0.029742 6
0.000014 12
0.000175 3
0.029866 18
0.000089 3
0.030108 6
0.000013 12
0.000073 3
0.029631 6
0.000270 15
0.029657 21
0.030035 21
0.030584 6
0.000375 15
0.030435 21
0.030348 6
0.000066 15
0.029741 6
0.000046 12
0.000187 3
0.030542 21
0.029992 6
0.000089 12
0.000045 3
0.030659 6
0.000699 15
0.029466 21
0.029839 21
0.030011 6
0.000376 15
0.030213 21
0.029723 21
0.030103 18
0.000226 3
0.030503 6
0.000603 15
1.208384 21
0.497028 18
0.000314 3
0.027900 6
0.000136 15
0.030422 6
0.000181 12
0.000070 1
0.000047 2
0.029732 21
0.033934 6
0.000093 12
0.000088 1
0.000016 2
0.027844 6
0.000135 12
0.000041 1
0.000044 2
0.029649 18
0.000077 1
0.000097 2
0.030322 6
0.000150 12
0.000054 1
0.000057 2
0.029401 6
0.000175 12
0.000072 2
0.000050 20
0.030515 18
0.000069 1
0.000047 2
0.030948 6
0.000123 12
0.000066 3
0.034449 18
0.000069 1
0.000073 2
0.024970 18
0.000046 1
0.000061 2
0.033167 18
0.000059 3
0.027795 6
0.000013 12
0.000120 1
0.000050 2
0.030193 6
0.000159 15
0.032184 6
0.000131 12
0.000076 2
0.000010 20
0.028668 21
0.031961 18
0.000069 2
0.000046 20
0.028385 6
0.000197 12
0.000012 1
0.000048 2
0.032064 6
0.000929 12
0.000040 1
0.000069 2
0.026493 18
0.000077 1
0.000047 2
0.030165 6
0.000013 12
0.000062 1
0.000063 2
0.029491 21
0.030278 21
0.029771 6
0.000074 12
0.000052 3
0.032820 6
0.000072 12
0.000067 1
0.000064 2
0.129000 6
0.000882 15
0.189086 6
0.000129 34
0.153930 6
0.000083 12
0.000157 1
0.000016 2
0.165781 18
0.000344 24
0.852021 6
0.000172 12
0.000062 1
0.000309 6
1.309305 42
0.950972 6
0.001242 8
0.000051 13
0.001747 511
0.653407 6
0.000185 8
0.000038 5
0.000034 37
0.003983 677
10.661111 80
0.000501 90
1.083347 16
0.200228 90
0.714507 2
0.000026 9
0.004993 67
0.000048 2
0.000490 56
0.000099 2
0.002795 98
70.608672 29
0.977859 51
0.003898 4
0.000359 1
0.002600 310
0.002116 8
0.000038 90
37.611325 42
2.734599 125
0.256909 1
0.200768 1
0.173463 1
0.752336 13
0.145342 13
0.155962 13
0.152431 13
0.149837 13
1.013855 10
0.382139 10
0.604230 10
0.259817 10
0.769896 13
0.155879 13
0.169967 13
0.150016 13
1.491846 9
0.158110 9
0.430127 9
0.083619 9
0.807137 2
0.000023 9
0.003949 4
0.000053 1
0.000046 4
0.000046 1
0.000046 4
0.000045 1
0.000044 2
0.000045 1
0.000748 4
0.000054 2
0.000060 5
0.000047 1
0.000074 12
0.000061 3
0.001550 10
0.000074 260
0.003554 8
0.000130 90
39.864741 1
0.053386 1
0.858901 19
0.000047 72
0.987959 1
0.463920 1
0.393678 1
0.111713 1
0.778990 15
0.000079 2
