1.721567 20
0.002246 80
1.863808 4
0.557707 7
6.134063 4
0.119944 10
0.318074 15
0.840666 75
0.611627 211
0.187639 18
0.364197 6
0.606807 10
0.481221 15
0.349812 18
0.181849 6
0.170119 7
0.539190 1
0.122017 1
0.311960 1
0.662539 1
0.365498 1
0.330915 1
0.000216 5
1.119324 1
0.205944 1
0.658522 2
0.000187 9
0.000510 8
0.000075 90
2.631137 1
0.405977 1
0.255971 1
0.375958 1
0.125832 1
1.240261 1
4.064303 1
0.495668 1
0.153799 1
0.188106 1
0.125889 1
0.633660 1
1.338587 1
0.093479 1
2.261133 1
1.054909 21
1.986279 1
0.451713 1
0.112243 1
0.163380 1
1.460796 1
0.224174 1
0.317849 1
0.280174 1
0.896404 1
0.131080 1
0.168119 1
2.148065 1
0.328579 1
0.139149 1
0.163590 1
1.776655 1
1.715988 11
0.000346 10
5.937507 1
0.454816 1
0.089069 1
0.208320 1
2.016320 1
0.355729 1
0.287896 1
0.424230 1
0.283821 1
1.212460 1
3.078559 2
0.000160 9
0.000363 8
0.000055 2
1.375030 1
0.513577 1
0.373973 1
0.081603 1
1.702530 1
0.729915 1
0.117595 1
0.186044 1
0.526581 1
0.273666 1
0.139952 1
0.190007 1
2.072565 1
0.764060 1
0.293450 1
0.378252 1
0.133244 1
0.460495 1
1.372265 21
0.936835 1
1.191525 4
0.435401 1
0.456222 1
0.197836 1
0.387762 1
1.790283 1
2.629996 21
1.327946 1
0.895829 1
0.260252 1
0.357912 1
4.696386 1
0.797788 1
0.105151 1
1.650727 1
1.024321 1
0.277486 1
0.105617 1
0.556565 1
1.052706 1
0.649555 1
0.147270 1
0.552263 1
0.233864 1
1.264407 1
4.677676 21
4.160076 1
0.744988 1
0.369045 1
0.107425 1
1.408264 1
0.660209 1
0.100022 1
3.208414 1
0.839828 1
0.471792 1
0.168037 1
0.167980 1
1.183834 1
0.998109 4
0.573636 1
6.108560 4
0.632370 1
0.943748 1
0.333960 1
0.305852 1
0.306013 1
0.482102 1
3.112256 1
2.309367 21
1.210624 1
1.561836 1
0.377880 1
0.515909 1
0.082115 1
8.592079 1
1.826142 1
0.491713 1
0.606260 1
0.087461 1
0.175980 1
0.881028 1
0.143217 1
0.197668 1
0.294359 1
1.322572 1
1.805549 1
1.056852 1
0.735058 1
0.780198 1
4.560504 1
0.553342 1
0.916537 1
0.511382 1
0.105651 1
0.732456 1
0.858678 1
0.159108 1
0.198163 1
2.838047 11
0.000569 8
0.000042 90
27.073644 1
0.189856 1
0.333910 1
0.201881 1
0.604352 1
1.431837 1
0.826530 1
0.451390 1
0.155826 1
0.166419 1
1.468044 1
1.842643 1
0.236954 1
0.668636 1
1.505476 1
0.651948 1
0.496751 9
2.783083 2
0.003084 9
0.101575 186
0.000541 8
0.000055 90
16.197325 1
0.197645 1
0.438106 1
1.416230 1
0.666576 1
0.084507 1
1.222122 1
0.778675 1
1.665146 1
0.862685 1
0.459296 1
0.154082 1
0.188101 1
1.909345 1
2.173880 1
0.417151 1
0.741359 1
5.561539 1
0.485216 1
0.166974 9
2.845402 11
0.003255 16
0.000154 2
0.000900 18
0.000152 2
0.000125 19
0.000174 2
0.001281 8
0.000273 90
3.213490 1
0.203671 1
0.372241 1
1.506205 1
0.269928 1
0.397859 1
1.152871 1
0.447129 1
1.113127 1
0.334804 1
1.628064 1
0.355842 1
1.758216 1
1.473998 1
1.176818 1
0.547274 1
0.124387 9
4.031242 11
0.005122 57
0.000768 8
0.000080 90
42.771957 1
0.288351 1
0.331902 1
1.333963 1
0.192373 1
0.752943 1
1.083386 1
0.177267 1
1.886852 1
2.054228 4
0.139081 4
0.432228 1
0.808573 1
1.138794 1
0.533903 1
0.536612 1
2.502046 1
0.414099 1
0.365918 1
0.620416 1
0.113596 1
0.404097 1
0.283780 1
0.235893 1
0.521960 1
0.162119 1
9.716061 11
0.000012 8
0.000347 90
0.888384 1
0.215385 1
0.211791 1
2.313641 1
1.568411 1
0.056804 1
1.889341 1
0.428046 1
0.087562 1
0.931178 1
0.521032 1
0.162019 1
0.286601 6
1.648855 1
0.106170 9
1.816510 11
0.003894 48
0.000110 7
0.000015 2
0.002365 98
106.531818 1
0.471796 1
0.143832 1
0.934026 1
0.131969 1
0.868257 1
2.653719 1
8.094853 1
0.321024 1
1.097638 1
1.207470 4
0.191291 1
2.064532 21
1.629563 1
1.857918 1
1.149861 1
0.892212 1
0.147647 1
0.442546 1
0.445764 1
2.061901 1
0.208048 1
0.574140 1
0.123693 1
1.404151 1
1.040739 1
0.244587 1
0.172640 1
0.203879 1
5.176356 1
1.869740 1
1.945200 1
0.672947 1
0.327919 1
1.140655 1
0.681495 1
0.157715 1
0.134137 1
2.152799 1
0.181084 1
0.184258 1
5.606354 11
0.001121 8
0.001062 90
1.245240 1
0.185941 1
0.226093 1
0.314188 1
1.472066 1
0.105497 1
1.278241 1
0.714819 1
0.355779 7
1.199013 1
0.089027 9
2.061989 11
0.004004 11
0.000039 47
0.000022 22
0.000535 5
0.000022 61
0.000821 98
22.737977 1
0.353993 1
0.239930 1
0.386050 1
1.172560 1
0.513630 1
1.208136 1
0.983688 1
0.478227 1
0.227897 1
0.127828 1
1.594372 1
1.016438 1
0.355431 1
0.731987 1
8.164126 11
0.000023 10
2.002203 1
0.537544 1
0.139889 1
1.878698 1
0.551071 1
0.563399 1
0.606461 1
0.674452 1
0.170113 1
5.165971 1
1.218058 1
1.768264 1
0.655733 1
0.529739 1
0.374147 1
0.338106 1
0.213784 1
0.274147 1
0.292072 1
0.241962 1
5.814796 11
0.000019 8
0.000432 90
1.328625 1
0.201884 1
0.260269 1
0.438183 1
0.610331 1
0.096975 1
1.019340 1
0.481126 1
0.162912 6
1.485448 1
0.119047 9
2.854773 11
0.005529 9
0.000059 2
0.000421 28
0.000052 12
0.000039 2
0.000071 25
0.000048 12
0.000019 32
0.000101 2
0.000579 21
0.000043 18
0.001332 8
0.000091 90
18.264247 1
0.167099 1
0.468230 1
0.926894 4
0.164914 1
0.179978 1
0.274282 1
0.369549 1
1.845047 1
1.398039 1
1.477231 1
0.239895 1
1.458087 1
0.494114 1
0.164012 1
0.175855 1
0.605915 1
1.748265 1
0.465716 1
0.247935 1
0.584163 1
0.161919 1
1.772186 1
0.333833 1
1.150066 1
1.265919 1
0.889050 1
0.640585 1
0.102906 9
1.299277 11
0.002630 17
0.000198 2
0.000220 19
0.000081 2
0.000144 20
0.000055 2
0.001369 8
0.000078 90
16.095604 1
0.170021 1
0.511918 91
0.519723 1
0.598813 1
0.539372 1
0.076045 1
0.904525 15
0.000298 2
