0.126409 100
6.379741 1
0.155970 1
1.024712 1
0.535475 1
0.037732 1
1.026767 1
0.549388 1
1.568117 1
0.073837 1
0.576182 1
0.634863 1
0.329182 1
0.115286 1
0.228882 1
1.823934 11
0.005715 8
0.000565 72
1.309537 1
0.075182 1
1.408789 1
0.432170 1
0.427966 1
0.091382 1
0.260437 1
0.600079 1
1.006583 1
0.607203 1
1.525193 4
0.112868 1
0.730634 1
0.146903 1
0.565031 1
0.000426 4
2.408977 1
0.098961 1
3.510154 4
0.084178 1
1.695329 1
1.816077 1
0.269626 1
0.358907 1
1.492334 1
0.248353 1
0.710087 1
0.112056 1
0.153888 1
2.531616 11
0.117305 8
0.000245 72
1.321107 1
0.392148 1
0.443716 1
1.314126 4
0.835143 1
1.592744 1
0.814180 1
0.804977 4
0.345125 1
1.147753 1
1.018049 1
0.137620 1
0.187948 1
0.368259 1
1.914727 1
1.399557 1
1.083463 1
1.684497 1
0.838526 1
0.235197 1
0.688612 1
0.081375 1
2.742331 1
1.536044 1
2.535779 1
0.885215 1
0.879626 1
0.117097 1
0.288814 1
0.000478 4
0.510636 1
1.548325 1
2.352563 1
18.557220 2
0.000998 9
0.004036 71
0.000166 2
0.000252 70
0.000057 2
0.000146 65
0.000521 2
0.000356 8
0.000524 72
25.093344 1
0.303684 1
0.555972 1
0.115766 1
1.594221 1
1.474074 1
2.137903 1
0.254228 1
0.214490 1
0.423759 1
1.769677 1
1.066698 4
0.331348 1
2.240420 1
0.493417 1
0.334034 1
0.432090 1
0.183801 1
0.690341 1
0.125356 1
2.381251 1
1.249643 1
1.068638 1
0.506941 1
1.513939 1
0.151715 1
0.238067 1
1.718444 1
0.499959 1
0.498632 7
2.221464 1
0.231924 1
1.633931 1
0.251874 1
0.120680 1
1.329392 1
0.243232 6
3.393267 1
4.065432 11
0.121624 7
0.000025 287
0.000607 8
0.001477 72
29.294671 1
0.195717 1
0.276010 1
0.433869 1
0.118060 1
1.562742 1
1.434491 1
0.484882 1
0.489939 1
0.105735 1
1.049100 1
0.915915 1
0.130980 1
0.754996 1
0.522970 1
0.220329 1
0.460111 1
0.275706 1
0.798686 1
0.907617 1
0.986687 1
0.839290 4
0.155761 4
0.470235 1
1.573896 1
0.117645 1
1.810199 1
0.474213 1
0.393841 1
0.270060 1
1.152680 1
0.819487 1
0.514302 1
0.161423 1
0.390357 1
0.503873 1
0.105687 1
1.125203 1
0.603978 1
0.255034 1
0.352256 1
0.303907 1
0.736473 1
0.067435 1
0.886679 1
0.811271 1
0.123601 1
0.196443 1
0.526142 1
9.755216 4
0.501341 4
0.028803 4
0.031100 4
0.030430 4
0.030767 4
0.031087 4
0.029828 4
0.029911 4
0.030675 4
0.030829 4
0.030225 4
0.029814 4
0.030369 4
0.030215 4
0.029122 4
0.030042 4
0.030111 4
0.029824 4
0.170302 4
0.189952 4
0.165752 4
0.144092 4
0.232222 4
1.376346 21
7.237421 1
0.780974 1
0.273282 1
0.115468 1
0.915108 1
1.263130 1
0.077759 1
1.009130 1
0.741608 1
0.279543 1
0.127769 1
0.170343 1
0.670449 1
0.199307 1
0.385966 1
0.330137 1
0.436820 1
0.373407 1
1.230039 1
0.701702 1
0.115616 1
0.272497 1
0.238042 1
0.818587 1
1.563557 2
0.000207 19
1.975592 1
0.355993 1
0.362114 1
0.101912 1
0.117603 1
1.284552 4
0.161863 1
0.652709 1
0.080734 1
0.686638 1
1.022758 1
0.346890 1
0.114204 1
0.185313 1
1.031691 1
0.247002 1
0.352217 1
0.597895 1
0.310275 1
3.629756 1
0.672570 1
0.087769 1
0.275717 1
0.137504 1
1.990574 1
1.355974 21
2.762485 1
0.385476 1
0.323906 1
0.115889 1
0.681273 1
0.817270 1
0.109235 1
1.092958 1
0.796836 1
0.236436 1
0.117603 1
0.985099 1
1.162116 1
0.207260 1
0.323888 1
0.608607 1
0.211432 1
0.742208 1
3.765860 1
0.606965 1
0.129195 1
0.237991 1
0.159440 1
2.009216 1
4.117240 1
2.666237 2
0.000026 183
5.342108 21
0.000118 2
0.001139 25
0.000091 2
0.000060 24
0.000031 2
0.000080 26
0.955680 16
0.000031 2
0.000136 4
0.000029 2
0.000047 82
0.341057 21
0.000377 81
1.720936 1
1.390351 1
1.046604 1
1.087536 1
1.355377 4
1.158594 1
1.583393 1
0.096292 1
1.457707 1
0.558085 1
0.207710 1
0.298246 1
0.398494 2
3.130249 1
1.505064 1
0.739905 1
0.153716 1
1.220498 1
0.493921 1
0.156956 1
1.119128 1
0.150655 1
1.271201 4
0.131762 4
0.564892 1
0.112809 1
1.386808 1
0.589703 1
0.137080 1
0.104650 1
6.120603 19
0.000061 72
4.116216 1
0.109588 1
0.268044 1
0.101775 1
1.325974 1
0.422535 1
0.367124 1
0.000471 5
0.506124 1
0.203124 1
1.522913 1
0.126352 10
3.298796 11
0.002498 15
0.000063 2
0.000088 24
0.000026 2
0.000045 23
0.000962 28
0.000487 8
0.000149 72
9.936277 1
0.771855 1
0.714710 1
0.127984 1
1.838050 1
0.859534 1
1.246121 1
0.744713 1
0.124962 1
0.638875 1
0.068947 1
1.228390 1
2.908550 1
1.333802 1
0.577664 1
1.758240 1
2.230387 1
0.497548 1
0.398968 1
0.000146 6
1.153406 1
0.618856 1
1.044395 1
0.102954 10
1.945635 11
0.003698 10
0.000293 14
0.000702 80
2.699933 37
0.357884 1
0.500512 1
0.029364 1
0.030600 1
0.031129 1
0.029939 1
0.030500 1
0.029906 1
0.029553 1
0.030334 1
0.029837 1
0.030277 1
0.030968 1
0.029730 1
0.030273 1
0.030619 1
0.030000 1
0.031389 1
0.029077 1
0.030453 1
0.030174 1
0.029431 1
0.030548 1
1.250477 5
0.055874 5
1.400279 11
0.004072 1
0.000576 17
0.000814 80
64.034873 1
0.415593 1
0.159884 1
1.282228 1
0.555897 1
1.274600 1
0.880089 1
0.197303 1
0.168076 1
1.290324 1
0.401685 1
0.583862 1
2.350863 1
0.367247 1
0.280031 1
0.389995 1
0.496726 1
0.104867 1
1.060541 1
0.622171 1
0.513839 1
0.337994 1
1.170556 1
0.149299 1
0.117793 1
0.248380 1
2.453703 1
2.671897 1
1.364292 1
0.370006 1
1.894680 1
1.631662 1
1.124329 1
1.219134 1
5.731166 11
2.764959 1
0.283830 1
0.836598 1
0.078961 1
0.886588 1
0.457985 1
0.301877 1
0.564038 1
0.236059 1
0.672413 1
0.635973 1
0.285609 1
0.398063 1
0.575830 1
0.144038 1
1.942398 1
0.725874 1
0.111391 1
1.181879 1
0.680967 1
0.109427 1
0.270112 1
1.478482 1
2.625523 2
1.514328 1
0.343967 1
0.271567 1
0.109998 1
0.711997 1
0.566207 1
0.264127 1
0.543901 1
0.071425 1
0.760668 1
0.718103 1
0.473767 1
0.332178 1
0.607409 1
0.107988 1
1.604583 1
0.552000 1
0.121320 1
1.070954 1
0.805623 1
0.191906 1
0.151925 1
1.221964 1
2.196379 2
0.000297 23
0.000063 2
11.041499 2
0.000950 2
0.001959 8
0.000282 72
1448.260888 1
0.253855 1
0.385915 1
0.338144 1
0.115362 1
1.646816 1
0.805680 4
0.350013 1
3.069013 2
0.000058 2
0.957418 2
0.177826 2
0.462085 2
0.165690 2
0.135880 2
1.816045 1
0.614399 2
0.298066 2
0.205931 2
0.354124 2
0.431418 1
1.754313 2
0.436131 2
0.677730 1
2.999984 1
0.870610 1
0.215075 1
3.918713 11
0.000023 10
2.256003 2
0.607869 2
0.269723 2
0.135922 2
0.292309 2
1.055751 1
0.984099 2
0.440287 2
0.229874 2
0.462001 2
0.843685 4
0.166411 2
0.296066 2
0.270265 2
0.311502 2
1.547482 1
1.184647 2
1.684120 2
1.159405 1
0.790999 1
0.261098 1
1.310675 4
0.187083 1
0.524253 1
1.144602 2
0.000044 9
0.000070 8
0.001329 2
2.224263 2
0.682175 2
0.153793 2
0.252021 2
0.884348 2
0.761697 2
0.406239 2
0.073772 2
0.803513 1
0.974458 2
1.074169 2
0.643904 2
0.234211 2
0.267995 2
0.227703 2
1.192200 1
0.720092 2
0.218108 2
0.605390 1
1.100689 1
0.737772 1
0.094911 1
2.700231 2
0.000324 19
1.176482 2
0.468224 2
0.289532 2
0.538120 2
1.283945 2
0.093615 2
1.264179 1
0.584493 2
0.373876 2
0.095462 2
0.104349 2
0.332494 2
0.183417 2
0.418633 2
0.207551 2
1.787902 1
0.802190 2
0.909701 2
1.648111 1
0.666494 1
0.437151 1
1.117957 1
2.599239 11
0.000015 8
0.000567 2
0.903281 2
0.699513 2
0.368079 2
0.187714 2
0.259824 2
1.126501 1
0.819733 2
0.854083 2
1.301891 2
0.276037 2
0.177859 2
1.144879 1
0.809374 2
0.213933 2
2.157817 1
0.736260 1
0.349546 1
0.113593 1
1.232219 21
2.340294 2
0.428276 2
0.177736 2
0.156057 2
0.122051 2
1.167951 1
0.638205 2
0.396042 2
0.137780 2
0.690181 2
0.188139 2
0.151589 2
0.366571 2
3.105788 1
0.674309 2
0.217448 2
0.904093 1
0.884207 1
0.606380 1
0.146752 1
0.110162 1
0.894502 4
0.447428 21
2.260349 2
0.436173 2
0.620135 2
0.106218 2
1.097601 1
0.820210 2
1.066267 2
0.473679 2
0.160186 2
1.040365 1
3.801464 2
0.326161 2
1.765820 1
1.146413 1
0.647809 1
0.065773 1
3.969943 2
0.983847 4
3.468153 1
1.446146 1
0.611639 1
0.277790 1
0.910821 1
0.695898 1
0.503785 1
8.104570 1
0.432961 1
0.116008 1
1.248230 1
0.229905 1
0.233650 1
0.192557 1
0.654298 1
1.838115 1
0.818113 1
0.430215 1
0.110801 1
0.464530 1
1.887682 1
0.698713 1
0.419391 1
0.486243 1
0.487582 1
0.367993 1
0.484228 1
0.461986 1
0.163671 1
2.084982 1
0.861314 1
0.127960 1
0.119773 1
0.937055 11
0.100661 80
2.484643 1
0.493982 1
0.197910 1
0.179236 1
1.972756 1
1.024545 4
0.269502 1
2.073846 1
0.782182 1
0.499879 1
0.193961 1
0.672686 1
0.082613 1
1.772179 1
1.177622 1
0.795535 4
1.609343 1
1.552660 1
2.328293 1
4.531896 1
0.411230 1
1.807261 1
1.500709 1
0.494197 1
2.041946 1
0.972689 1
1.915888 1
0.565555 1
0.443688 1
0.365084 1
0.000204 5
1.252734 1
0.426809 1
2.619378 1
0.677717 1
1.106341 1
0.145765 1
0.154506 15
2.321952 2
0.000039 9
0.105828 25
0.000610 172
0.002422 8
0.000023 72
16.161004 1
0.227803 1
0.229404 1
0.176476 1
1.768259 1
0.392031 1
0.962520 1
0.989743 1
0.946155 1
0.985387 1
1.037922 1
1.258070 1
0.516101 1
0.300042 1
0.298008 1
1.746112 1
2.594181 1
5.584593 1
2.101080 1
1.332035 1
4.640004 1
0.187982 1
0.295966 1
0.294051 1
0.258590 5
1.475123 1
0.132796 1
0.776177 1
0.365251 1
0.143145 16
2.828727 11
0.002129 26
0.001251 2
0.000828 8
0.000754 72
23.950338 1
0.326866 1
0.468110 1
1.395971 1
0.668360 1
1.626007 1
1.509648 1
1.225957 1
1.111929 1
0.153821 1
1.388392 1
0.975911 1
0.842603 1
0.881268 1
0.694079 1
0.650822 1
0.120879 1
0.464813 5
0.645581 1
0.112569 1
1.439397 1
0.245171 1
0.135774 16
1.678996 2
0.000032 9
0.002913 38
0.000243 2
0.000169 30
0.000072 2
0.001745 8
0.000340 72
15.874472 1
0.195653 1
0.244090 1
5.516038 1
0.364265 1
1.854023 1
3.129726 1
0.846846 1
1.507570 1
0.139915 1
2.293915 1
6.044415 2
0.478404 2
3.252353 1
2.549000 1
1.918221 1
0.259553 1
1.691605 1
2.748888 1
0.383339 1
1.388216 1
0.149809 1
0.250112 1
0.759938 1
5.060520 1
0.275523 1
0.850947 1
0.376981 1
0.341020 6
1.044510 1
0.111145 1
2.104429 1
0.468919 1
0.149497 16
1.748485 11
0.005928 36
0.000419 8
0.000273 72
16.617918 1
0.171548 1
0.402224 1
0.137933 1
2.770098 1
0.887995 1
0.982765 1
0.373096 1
0.191853 1
0.590091 1
0.107767 1
1.570483 1
1.699690 1
0.400183 1
1.397756 1
0.904140 4
0.589984 1
2.266786 1
0.493352 1
0.269913 1
0.357960 1
0.484097 1
0.208156 1
0.347882 1
2.234084 1
0.924672 1
0.363099 1
0.868418 4
0.143469 4
6.483936 1
0.276228 1
0.880027 1
2.990632 1
1.649457 1
4.635366 1
0.086487 1
0.257811 1
0.267105 1
0.000018 5
1.031789 1
0.193880 1
1.890621 1
0.315091 1
0.277064 16
2.250504 2
0.000044 9
0.002665 13
0.000253 29
0.001732 2
0.000273 8
0.000125 72
47.498070 56
0.394341 1
0.500415 1
0.029553 1
0.029422 1
0.030454 1
0.030104 1
0.029657 1
0.029831 1
0.031404 1
0.029954 1
0.030852 1
0.030022 1
0.030027 1
0.029952 1
0.030355 1
0.030925 1
0.029682 1
0.029730 1
0.030099 1
0.029748 1
0.030513 1
0.029971 1
0.030250 1
0.030350 1
0.030234 1
0.030154 1
0.029641 1
0.030173 1
0.030193 1
0.029586 1
0.030201 1
0.030835 1
0.029506 1
0.030292 1
0.291728 1
1.599004 5
0.158177 9
0.216726 3
0.961643 5
0.092890 5
0.614660 2
0.000209 9
0.002299 123
0.000083 72
4.317553 1
0.331790 1
1.160187 1
1.679830 1
0.497962 1
2.110442 1
1.131054 1
0.097979 1
0.586466 1
1.753830 1
0.940907 1
0.291563 1
2.563761 1
1.201800 1
0.362565 1
1.679810 1
1.437671 1
1.708058 1
0.673873 1
6.790304 1
0.321952 1
2.164016 1
0.199783 1
0.202139 1
0.598099 1
0.129482 1
1.220300 4
0.192144 1
2.304031 1
1.932330 1
0.743707 4
0.351747 1
1.558396 1
1.485928 1
0.469846 1
0.466036 1
0.231610 1
0.000514 4
0.800525 1
0.133614 1
1.783830 1
0.351828 1
1.265901 1
0.228789 15
7.870597 11
0.002848 32
0.000115 2
0.000016 34
0.000051 42
0.000050 38
0.000044 32
0.000019 64
0.000245 2
0.000300 8
0.000736 72
16.778448 1
0.215828 1
0.322013 1
1.856693 1
1.414074 1
1.613573 1
1.209644 1
0.492184 1
0.251926 1
0.499902 1
0.074999 1
1.135706 1
0.839449 1
1.080734 1
1.696167 1
0.767717 4
0.349346 1
1.649955 1
1.800226 1
1.154715 1
1.965079 1
2.371083 1
2.618988 1
0.180046 1
0.302028 1
0.536363 1
0.304586 5
1.341076 1
0.163997 1
1.427806 1
0.313531 1
0.124408 16
2.192732 2
0.000038 9
0.006177 34
0.000464 80
0.000011 42
0.000110 2
0.000016 32
0.000018 2
0.000015 36
0.000017 2
0.000015 28
0.000579 2
0.000623 8
0.000401 72
17.815156 1
0.626274 1
0.363569 1
0.789934 1
0.560107 1
1.113998 1
0.922667 1
0.409302 1
0.300697 1
0.461342 1
0.072037 1
1.120676 1
0.853806 1
0.359385 1
0.466257 1
1.649739 1
0.128040 1
0.130452 1
0.157318 1
1.714886 1
1.907127 1
1.168886 1
1.270037 1
2.043425 1
0.804847 1
1.379097 1
0.597798 1
0.364302 1
0.321626 1
0.198841 1
0.000065 4
0.863176 1
0.140398 1
1.315621 1
0.203926 1
0.138634 16
2.139520 11
0.002037 8
0.000251 2
0.000050 14
0.000697 2
0.000054 12
0.000040 2
0.000041 16
0.000038 2
0.000040 10
0.000618 2
0.000058 14
0.000038 2
0.000088 8
0.000040 2
0.000491 8
0.000077 72
15.765363 1
0.205854 1
0.514230 1
1.251859 1
0.301931 1
1.683978 1
1.480989 1
0.261065 1
0.378262 1
0.772370 1
0.841368 1
0.344030 1
1.362187 1
1.367900 1
0.910871 1
2.071026 1
2.272909 1
0.837358 1
0.475737 1
0.121890 1
0.970459 1
0.640799 1
1.061690 1
0.703255 1
0.207827 1
0.344295 1
0.101332 1
2.287191 1
2.929263 1
1.534925 1
0.200040 1
0.431908 1
3.824050 1
2.188032 1
2.345763 1
2.161838 1
0.198768 1
0.334052 1
1.972467 1
0.952779 1
1.658997 1
2.865247 1
0.574836 1
0.371905 1
0.314868 1
0.000047 5
0.343435 1
0.187827 1
0.949508 1
0.336946 1
0.121765 16
2.231947 11
0.007930 7
0.000390 2
0.001546 8
0.000050 72
24.672715 1
0.149640 1
0.279691 1
0.206073 1
2.166629 1
0.929155 1
2.237952 1
0.405981 1
1.240253 1
0.890317 1
1.040554 1
0.539440 1
2.078235 2
0.288038 2
0.139825 2
1.632128 2
0.244195 2
1.093913 2
0.457928 2
0.096439 2
1.973626 1
1.551728 4
1.322037 1
2.430276 1
1.663651 1
2.186740 1
0.701322 1
0.522002 1
0.375620 6
0.819066 1
0.196079 1
1.664360 1
0.306760 1
0.154719 16
2.036138 2
0.000055 9
0.025411 38
0.000076 2
0.000386 8
0.000061 72
19.671413 59
0.413092 1
0.499712 1
0.029903 1
0.029696 1
0.031081 1
0.028696 1
0.030816 1
0.029236 1
0.030724 1
0.030566 1
0.030539 1
0.030105 1
0.029360 1
0.029744 1
0.031200 1
0.030181 1
0.031006 1
0.030924 1
0.288095 1
0.414053 1
0.219885 1
0.169921 1
0.177900 1
0.500683 1
0.030595 1
0.029634 1
0.029982 1
0.030395 1
0.028914 1
1.008755 1
0.407431 1
2.228301 5
0.188364 5
0.170533 5
0.169573 5
0.178147 5
0.161978 5
0.380181 5
1.902479 5
4.103569 5
0.818606 5
0.337414 5
3.714426 6
0.349780 6
5.002452 6
0.507682 6
0.204166 6
0.275727 6
2.388564 1
0.231920 1
0.209922 1
0.228351 1
1.784641 5
4.741364 11
0.001113 30
0.000200 2
0.003164 8
0.000068 72
27.061601 57
0.505975 1
6.387087 1
0.260633 3
14.192032 1
0.500283 1
0.029526 1
0.029661 1
0.031031 1
0.031797 1
0.030862 1
0.030731 1
0.030883 1
0.029745 1
0.031351 1
0.029770 1
0.028665 1
0.031125 1
0.030428 1
0.030668 1
0.029791 1
0.028989 1
0.030979 1
0.861807 1
0.499519 1
0.030259 1
0.029998 1
0.030320 1
0.029747 1
0.029764 1
0.030324 1
0.030532 1
0.030134 1
0.029857 1
0.247522 1
0.230367 1
0.189870 1
0.214999 1
1.840560 5
1.976163 5
0.450442 1
0.378628 5
3.362588 5
0.767415 5
0.458605 3
0.499666 3
0.030103 3
0.030492 3
0.029549 3
0.029867 3
0.030067 3
0.030171 3
0.456508 1
0.357847 1
0.665598 5
0.389478 5
2.641103 1
0.501581 1
0.031302 1
0.029956 1
0.027292 1
0.181534 1
0.198385 1
0.275751 1
0.453145 5
1.500683 5
0.549420 5
3.284153 2
0.000198 9
0.003064 32
0.000051 2
0.000035 34
0.000064 2
0.000023 40
0.000048 38
0.000883 36
0.000022 30
0.000332 8
0.000696 72
20.216407 1
0.000953 1
0.208681 1
0.799023 1
0.339109 1
0.288502 1
0.000239 5
1.039540 1
0.113651 1
0.828421 2
0.000668 9
0.000037 8
0.000327 90
2.616735 1
0.197624 1
0.270248 1
1.907424 1
0.381146 1
0.597538 1
2.142109 1
0.810289 1
0.786743 4
0.500829 1
0.380624 1
2.925566 1
0.254043 1
1.635554 1
1.997347 1
0.433180 1
0.636456 4
0.714252 1
1.254985 1
1.706135 1
0.592068 1
0.784452 1
0.716069 1
0.199312 1
0.566259 1
0.087531 1
1.400527 1
1.936721 1
0.277005 1
1.523999 1
0.760630 4
0.373401 1
1.241685 1
1.666216 1
0.376218 1
1.516246 1
0.991863 1
1.107789 1
0.942642 1
2.407009 1
1.428236 1
1.512288 1
0.726517 1
0.193237 1
0.194140 1
0.259869 1
0.341987 1
0.300318 1
0.257861 1
1.792068 1
2.280552 1
0.894327 1
0.366994 1
1.670053 1
0.486341 1
0.904296 3
1.035718 1
0.286838 1
2.663048 1
0.940428 4
0.217250 1
0.354199 1
0.770615 1
0.086802 1
1.760618 1
1.082486 1
0.159297 1
0.117713 1
4.366632 11
0.004677 58
0.000031 2
0.001002 98
17.392987 60
0.696550 196
15.566470 1
0.956378 1
1.110297 1
0.375129 1
0.964344 1
0.421499 1
6.628831 1
0.022865 1
1.274563 1
0.127971 1
1.074187 1
2.705870 1
0.106174 1
0.229892 1
4.293916 4
0.300087 4
0.294024 4
0.698704 1
0.247129 1
0.188366 1
0.576008 1
0.109418 1
1.494399 1
0.261854 1
0.846703 1
0.499584 1
0.317793 1
0.455968 1
0.123667 1
3.780497 2
0.000284 9
0.000019 8
0.000223 2
1.661556 1
0.415947 1
0.527871 1
0.196086 1
0.101186 1
1.456941 1
0.970961 1
0.126787 1
0.278344 1
0.515638 1
0.973860 1
1.178019 21
1.617060 1
0.188957 1
0.322408 1
0.169663 1
0.262066 1
0.193806 1
2.818352 1
2.549868 1
0.163765 1
0.550213 1
0.153318 1
0.186054 1
0.352923 1
2.021831 1
0.812457 1
2.039106 11
0.000361 10
1.191140 1
0.540846 1
0.206189 1
0.216031 1
0.239845 1
2.462005 1
0.245903 1
0.276318 1
0.136931 1
0.240673 1
2.820232 1
0.847912 1
0.204107 1
0.215785 1
0.392372 1
1.491976 1
1.169796 21
2.988130 1
0.361856 1
0.165987 1
0.463880 1
0.081792 1
2.031273 1
1.230751 1
0.470455 1
1.325815 1
0.734545 1
0.387392 1
0.131743 1
4.850312 1
0.402160 1
0.149483 1
2.976242 2
0.000360 17
0.000041 2
1.453900 1
0.359913 1
0.304227 1
1.471769 4
0.818552 1
0.319426 1
0.093845 1
2.758153 1
1.840451 1
0.325865 1
0.183381 1
0.145940 1
0.700779 1
0.701512 1
2.064863 1
3.327140 11
0.000363 10
1.489722 1
0.191958 1
0.412018 1
1.902651 1
2.291898 1
4.472226 1
0.401363 1
0.491703 1
0.354077 1
0.195081 1
0.132775 1
1.612156 1
0.712678 1
4.119325 21
0.988617 1
0.283313 1
0.180117 1
0.143799 1
1.498300 1
1.120431 1
0.505466 1
0.228441 1
0.249670 1
0.297976 1
2.974690 1
0.873838 1
2.407397 11
0.000019 10
0.476105 1
0.254328 1
0.531702 1
0.123454 1
0.206461 1
0.547977 1
2.806066 1
2.048478 1
0.511636 1
0.422169 1
0.157500 1
0.395605 1
4.505227 1
0.071392 1
1.988310 19
0.000102 2
1.984245 1
0.377162 1
0.352200 1
0.205739 1
0.296144 1
0.816404 1
0.437579 1
0.998931 1
0.190876 1
0.752138 1
2.698086 1
0.157963 1
0.908946 1
0.409354 1
0.545759 1
0.129751 1
1.550312 1
0.980914 1
1.428004 1
0.903620 1
0.561426 1
2.638083 1
0.153681 1
0.208220 1
0.177746 1
0.607188 1
0.191171 1
0.205887 1
1.522406 1
2.804784 1
0.183626 1
0.157872 1
0.168360 1
0.163840 1
0.165791 1
0.148008 1
0.139917 1
0.401744 17
0.178361 3
0.200085 3
0.148133 3
0.317921 3
0.342081 3
0.153799 3
0.136094 3
0.364404 3
1.474943 1
0.742156 1
0.854611 1
0.976060 19
0.001283 90
1.645735 37
0.000398 155
0.332595 94
0.000424 102
2.576639 11
0.005480 8
0.000110 90
26.250689 1
0.053961 1
0.483968 1
0.149839 1
1.527844 1
0.364115 1
0.582096 1
0.139010 8
1.001121 11
0.001964 17
0.000062 2
0.000049 15
0.000027 2
0.000176 15
0.000049 2
0.000285 13
0.000051 2
0.000052 14
0.000490 2
0.001515 8
0.000081 90
46.469314 1
0.483702 1
0.972587 4
0.077662 1
1.142391 2
0.000506 17
0.000096 72
0.838884 1
0.267861 1
0.504236 1
0.091379 1
0.882911 15
0.000161 2
