0.026676 18
0.000056 2
0.000497 8
0.000057 72
1.867807 51
0.527187 67
1.459229 2
0.172401 2
0.096915 1
0.829166 4
0.189370 4
0.169921 4
0.174362 1
1.165258 1
0.162461 1
0.203896 1
0.175748 1
1.072912 1
0.151345 1
0.328123 1
0.183769 1
0.302144 1
0.058353 1
0.880407 11
0.011251 14
6.061004 2
0.072480 48
0.001865 2
0.071486 77
0.002574 2
0.000252 16
0.000042 2
0.000059 20
0.000073 2
0.000332 162
0.000042 2
0.000059 44
0.000039 2
0.087227 78
0.000349 2
0.000036 17
0.000020 2
0.000029 21
0.000019 2
0.000040 162
0.000020 2
0.000058 45
0.000020 2
0.039442 8
0.000156 96
2.750667 1
0.083808 1
0.163598 19
0.000110 70
14.143873 1
0.212280 1
0.574180 1
1.136351 1
0.177314 1
0.888809 1
0.579358 1
0.303934 1
1.447877 1
1.857067 1
0.169228 2
0.000021 9
0.003368 8
0.000207 70
1.568252 1
0.131763 1
0.184013 1
0.449645 1
0.130237 1
5.002293 1
0.358011 1
1.074730 1
0.163115 1
0.690569 11
0.009411 8
0.000214 54
0.000066 7
0.000053 6
0.001093 57
0.000362 14
0.000031 32
0.000019 12
0.001274 6
0.001141 3
0.000144 96
0.000276 6
0.000215 6
0.000252 215
0.000108 208
0.000179 5
0.000092 12
470.833058 6
0.002478 7
0.001755 16
0.000097 16
0.001022 6
0.000076 76
0.000122 46
0.000065 19
0.000063 75
0.000065 133
0.000057 42
0.000064 86
0.000059 20
0.000083 19
0.000065 55
0.000055 16
0.000047 11
0.000047 12
1.845665 6
0.001132 12
0.000206 4
0.007959 21
0.000176 6
0.000267 15
0.000081 6
0.000158 15
0.009818 18
0.000480 3
0.000078 6
0.000105 16
0.019989 6
0.000709 25
0.000011 83
0.012118 6
0.000495 12
0.000361 294
0.027394 18
0.000109 12
0.000056 17
0.000075 30
0.000011 96
0.000044 11
0.550649 18
0.000261 11
0.000130 17
0.000071 111
0.000074 107
0.019882 6
0.000327 12
0.000066 11
0.000041 15
0.000059 98
0.001303 9
0.000079 6
0.000159 12
0.000080 12
0.000067 17
0.000746 82
0.000024 11
0.016601 6
0.000165 12
0.000011 11
0.000053 15
0.000039 20
0.000045 11
0.019489 6
0.000019 12
0.021353 18
0.025678 6
0.000043 12
0.000416 6
0.000048 12
0.074732 18
0.000213 6
0.000069 12
0.751508 14
0.000394 305
0.000053 132
0.707778 6
0.000016 5
0.000178 42
0.002639 7
0.000075 15
0.000116 6
0.000143 8
0.000167 31
0.000057 12
0.000207 6
0.000019 417
0.646189 12
0.001279 60
0.000837 8
0.000202 70
1.316627 9
0.664554 33
0.171341 15
0.356163 6
0.216385 21
0.244469 24
0.331121 19
0.359851 22
0.546101 19
0.170267 22
0.191683 21
0.163892 24
0.169769 10
0.178347 12
0.171868 33
0.344194 12
0.211101 1
3.772298 2
0.141884 2
0.384131 2
0.660120 2
0.100736 2
0.260850 1
0.634248 4
0.500190 4
0.029095 4
0.030023 4
0.030999 4
0.029573 4
0.030091 1
0.030079 1
0.030293 1
0.030401 1
0.031059 1
0.030569 1
1.699883 1
0.167292 1
0.934924 1
0.619309 1
0.099626 1
2.283083 1
0.505180 1
1.094120 1
1.511913 1
0.528050 1
0.404079 1
1.124736 1
0.443035 1
3.082120 11
0.002265 8
0.000091 70
1.183667 1
0.848702 4
0.371777 1
0.199638 1
1.922966 1
0.142771 1
1.674453 1
0.147386 1
4.100508 11
0.006033 110
0.000088 2
0.000499 17
0.000537 2
2.003442 19
2.004085 17
0.000025 2
2.003730 19
2.003746 55
2.004008 19
2.004353 19
2.005105 19
2.006218 19
2.001875 55
2.004400 19
1.300686 2
0.000343 2
0.000027 32
0.000020 2
0.001667 8
0.000042 70
1054.464055 1
0.025381 1
0.144976 1
0.972761 1
0.144664 1
1.522773 1
0.215321 1
1.017124 1
0.325321 1
1.867913 2
0.000286 9
0.011559 8
0.000138 61
0.000848 6
0.000042 29
0.000052 32
0.000485 6
0.001588 3
0.000050 96
0.000019 6
0.000109 6
0.000093 215
0.000030 208
0.000124 5
0.000048 12
12.500808 6
0.003608 7
0.000074 16
0.000046 16
0.001544 5
0.000083 21
0.000077 112
0.000075 201
0.000073 143
0.000133 27
0.000069 13
0.000071 121
0.000069 89
0.000088 21
0.000039 94
0.000126 25
0.000010 12
1.631503 6
0.001011 307
0.000243 6
0.000167 114
0.000066 6
0.000117 12
0.700980 6
0.000135 5
0.000133 5
0.001305 37
0.002243 93
0.001729 410
0.853843 12
0.001285 60
0.000794 8
0.000277 70
4.820361 1
0.108937 1
0.693412 1
0.596366 1
0.174700 1
0.194001 1
1.122032 1
1.000587 1
0.195323 1
5.736808 1
0.361024 1
0.123371 3
1.443040 11
0.004188 8
0.000098 70
187.916204 1
1.132163 4
0.409349 1
0.483930 1
2.870194 1
0.143477 1
1.137063 1
0.118693 1
3.347120 11
0.004145 38
9.649489 1
1.076765 2
0.000041 37
0.000386 2
0.001920 8
0.000102 70
3.536629 6
1.774244 11
0.005269 38
1.656762 1
0.311501 44
0.002700 2
0.000244 8
0.000075 70
11.684498 6
0.345795 20
0.710888 24
1.608248 11
0.005034 38
1.330524 1
0.099637 1
0.765847 44
0.000076 2
0.002055 8
0.000113 70
7.475586 6
0.556765 2
0.000441 9
0.005352 38
1.119402 1
0.414964 66
0.002461 2
0.000845 8
0.000055 70
570.151905 1
0.032502 1
0.170986 1
0.784841 1
0.108507 1
0.935495 1
0.436690 1
1.232468 1
0.105913 1
0.803535 11
0.008935 8
0.000456 54
0.000290 7
0.000100 6
0.001106 29
0.000186 32
0.000055 6
0.001656 3
0.000114 96
0.000013 12
0.000059 215
0.000818 208
0.000078 5
0.000045 12
12.444110 6
0.001832 7
0.000120 16
0.000232 16
0.002208 5
0.000375 21
0.000083 112
0.000076 199
0.000078 170
0.000838 27
0.000052 13
0.000088 44
0.000073 152
0.000067 66
0.000094 10
0.000104 105
1.598712 451
0.632949 6
0.002086 5
0.000252 5
0.000677 37
0.004464 504
0.665131 6
0.002012 66
0.001089 78
0.347923 9
0.248043 19
0.380033 20
0.730629 1
0.150918 1
0.182080 1
0.113914 1
0.947918 5
0.078994 5
2.259834 11
0.001313 8
0.001169 70
0.725108 14
0.287850 27
0.357878 19
0.782186 1
0.169692 1
0.149771 1
0.682934 11
0.090380 7
1.004651 11
0.004864 38
3.316892 1
1.144915 27
0.000145 2
0.002013 8
0.000110 70
10.805815 6
1.526722 2
0.002703 9
0.005114 38
1.707149 1
0.110647 1
0.916815 2
0.000799 91
0.000092 2
0.002411 8
0.000118 70
4.977474 6
0.549907 20
0.626949 24
1.185909 2
0.000459 9
0.004459 38
0.271107 1
0.714460 2
0.000574 91
0.000068 2
0.001972 8
0.000141 70
52.636387 6
0.133269 20
0.430484 27
1.021850 1
0.187680 1
0.162168 1
1.046095 11
0.096562 7
1.406720 11
0.010792 8
0.000106 54
0.000042 7
0.000331 6
0.000998 29
0.000052 32
0.000553 9
0.000048 96
0.000040 6
0.000323 6
0.000060 215
0.000051 208
0.001034 5
0.000044 12
27.106731 6
0.000064 12
2.181646 6
0.000012 7
0.001059 16
0.001966 16
0.001260 5
0.000142 21
0.000076 66
0.000074 109
0.000127 134
0.000230 153
0.000073 20
0.000065 9
0.000114 101
0.000133 16
0.000210 11
0.000246 12
2.331296 6
0.001170 445
0.651008 11
0.000165 5
0.000206 37
0.102834 7
0.000558 86
0.000071 170
0.000014 14
0.000045 207
0.000217 12
0.000015 7
0.822201 6
0.000045 6
0.000546 8
0.000614 12
0.000133 32
0.000889 8
0.001585 78
0.890718 9
0.227441 19
0.805072 20
0.362263 27
0.382993 23
0.279814 1
0.191808 1
0.156161 1
0.171882 1
0.944230 5
0.065368 5
2.825610 2
0.000481 9
0.004878 8
0.000196 70
0.648189 14
0.185455 27
0.173900 19
0.460091 15
0.589075 19
0.260784 1
0.184011 1
0.149968 1
0.945949 11
0.064788 7
0.709514 11
0.010410 26
0.000908 2
0.003029 26
0.000020 2
0.002691 24
0.001335 8
0.000014 70
35.879674 6
0.309828 20
0.551568 27
0.305505 1
0.200848 1
0.246095 1
0.977256 11
0.099544 7
1.092544 2
0.000053 9
0.010384 8
0.000350 54
0.000069 7
0.000041 6
0.002225 29
0.000059 32
0.000041 6
0.000551 3
0.000050 96
0.000040 6
0.000105 6
0.000058 215
0.000605 208
0.000073 5
0.000041 12
1.777662 13
0.000710 16
0.000060 16
0.001591 5
0.000087 21
0.000171 66
0.000154 109
0.000476 134
0.000692 153
0.000052 20
0.000045 9
0.000050 94
0.000057 230
0.000074 108
0.000043 16
0.000040 11
0.000041 12
0.998351 14
0.000404 419
0.000050 6
0.000009 12
0.611378 11
0.000234 5
0.000066 37
0.101609 503
0.635092 72
0.002927 78
0.417993 9
0.359909 19
0.698836 20
0.345119 24
0.342051 1
0.175822 1
0.161876 1
1.101837 11
0.059931 7
1.159889 2
0.000018 9
0.002974 48
0.000025 2
0.001248 78
2.156366 6
0.173859 15
0.157738 19
0.533654 20
1.155345 1
0.177523 1
0.167303 1
0.166382 1
0.931960 5
0.094742 5
1.772739 2
0.000020 9
0.005248 8
0.000253 70
0.368097 1
0.006854 14
0.369915 24
1.099850 2
0.001920 9
0.013878 42
0.000042 2
0.007951 44
0.005885 43
0.000055 2
0.000475 8
0.000491 70
28.761112 1
0.608234 1
1.263377 4
0.154247 1
0.245780 1
0.364100 1
0.148542 1
3.560151 4
0.499329 4
0.030100 4
0.029449 4
0.030727 4
0.029732 1
0.029146 1
0.029790 1
0.030036 1
0.030849 1
0.029420 1
0.855906 6
0.181846 20
0.201802 24
0.421461 15
0.572735 1
0.165847 1
0.153821 1
0.905945 11
0.076838 7
0.895860 11
0.010979 8
0.000115 54
0.000046 7
0.000831 6
0.002036 67
0.000025 3
0.000077 96
0.000041 6
0.000107 6
0.000057 215
0.000051 208
0.000176 5
0.000097 12
11.882287 6
0.001840 7
0.000083 16
0.000069 16
0.001718 5
0.000088 21
0.000077 113
0.000071 125
0.000073 139
0.000041 27
0.001087 13
0.000126 57
0.000073 63
0.000535 167
0.000057 48
0.000039 20
0.000042 65
0.000036 69
0.000210 23
1.649616 451
0.766554 6
0.000247 5
0.000285 5
0.000066 37
0.002935 504
0.485845 72
0.003369 78
0.621619 9
0.429829 19
1.217944 15
0.226218 12
1.830677 9
0.321168 19
0.373940 20
0.566097 1
0.167797 1
0.174062 1
0.145776 1
0.896487 5
0.078612 5
2.884081 2
0.001329 9
0.004444 8
0.000192 70
0.679254 14
0.208203 27
0.411996 19
0.967899 1
0.191837 1
0.173699 1
0.914318 11
0.094744 7
1.219919 2
0.000792 9
0.005016 34
20.150701 1
0.077636 1
1.712348 1
0.151791 1
0.258246 1
0.764513 1
3.963397 1
0.237803 1
0.133619 1
1.208359 2
0.000012 13
0.000680 2
0.000018 27
0.002822 78
6.855928 6
1.785843 2
0.000266 9
0.010434 34
1.914940 1
0.089230 1
0.157450 1
0.062528 1
0.852212 2
0.000424 12
0.000016 24
0.000134 2
0.002338 8
0.000109 70
40.844037 6
0.206609 20
0.591330 27
0.267812 1
0.193939 1
1.091126 1
0.688312 11
0.167064 1
1.485067 7
1.182819 11
0.009017 8
0.000149 54
0.000220 7
0.000051 6
0.000895 29
0.000206 32
0.000042 6
0.003365 3
0.000349 548
1.606100 6
0.002375 7
0.000173 16
0.000053 16
0.001643 5
0.000913 772
1.309056 6
0.000575 17
0.019599 6
0.000146 15
0.000995 6
0.000078 16
0.025857 6
0.000039 12
0.000110 3
0.000241 6
0.000264 16
0.040118 6
0.001097 12
0.000014 4
0.000080 6
0.000028 12
8.261246 451
0.646385 6
0.000659 5
0.001293 5
0.000072 37
0.100793 502
0.992553 12
0.000128 8
0.000984 52
0.001236 8
0.000203 70
1.109377 9
0.397029 19
0.350237 20
0.737766 1
0.187801 1
0.167905 1
0.151791 1
0.836486 5
0.737674 5
1.289625 11
0.004381 8
0.000129 70
0.695365 14
0.184624 27
0.170118 19
0.588173 1
0.172167 1
0.151654 1
0.748274 11
0.699778 7
1.594813 2
0.000497 9
0.006687 8
0.000011 70
18.899280 1
0.053644 1
0.235928 1
0.242198 1
0.131549 1
2.195241 1
1.577387 1
0.974449 4
0.715458 1
0.380693 1
0.945947 1
0.155415 1
0.750365 1
1.442335 1
0.906255 1
1.757018 1
3.556719 1
0.053062 1
2.019070 1
2.280230 11
0.005994 78
0.722933 1
0.077434 1
0.486342 11
0.008290 490
0.000202 8
0.000072 70
4.010729 2
0.668389 19
0.715531 28
0.889370 11
0.009059 46
0.000082 2
0.001546 46
0.000041 2
0.001357 46
0.000023 2
0.001475 46
0.000024 2
0.000397 8
0.000012 70
2.031316 6
0.667610 12
0.942459 11
0.006662 133
0.000032 2
0.001078 123
0.000204 129
0.000044 111
0.000704 2
0.000029 78
48.359575 2
0.085155 8
0.222485 12
0.271532 19
0.227582 28
0.298299 20
0.537874 27
0.468200 1
0.255791 1
0.171917 1
0.875950 11
0.221243 7
0.708363 11
0.007866 8
0.000568 54
0.000945 7
0.000123 73
0.001025 3
0.000116 96
0.000173 6
0.001206 6
0.000068 215
0.000052 208
0.000060 5
0.000058 12
1.437749 6
0.003973 7
0.000083 16
0.000069 16
0.001137 5
0.000083 12
0.000038 29
0.000222 665
1.390082 6
0.001196 445
0.657251 11
0.000055 5
0.000372 37
0.002043 7
0.000088 15
0.000104 6
0.000102 8
0.000035 31
0.000199 14
0.000208 14
0.000494 410
0.527878 12
0.001447 60
0.000643 8
0.000293 70
17.963890 1
0.593634 1
0.628408 1
0.139344 1
0.170066 1
0.198073 1
2.742282 1
0.876871 1
0.224934 1
0.103648 1
2.336991 2
0.001930 9
0.006210 78
0.691204 1
0.109496 1
0.811179 1
0.597544 1
0.345903 1
0.119683 1
0.584212 1
0.340195 1
0.189826 1
1.124651 1
1.699476 1
0.329974 1
0.197948 1
0.117583 1
15.938607 11
0.006133 8
0.000112 70
1.302654 14
0.198009 38
0.481919 23
1.016827 14
0.335136 8
0.620351 1
0.161235 1
0.168482 1
0.937605 11
0.144976 7
0.583727 2
0.000381 9
0.001559 50
0.001537 8
0.000157 70
12.172993 1
0.792017 1
0.356228 1
0.501540 2
0.000039 9
0.000079 13
0.000236 80
0.801572 3
0.357378 9
0.475907 20
0.571930 24
0.783739 1
0.571445 1
1.291942 1
0.371238 1
0.388982 1
0.121920 1
0.610308 1
1.453668 1
0.330028 1
0.154108 6
1.125879 2
0.000225 9
0.002777 48
0.000056 2
0.001779 8
0.000212 70
30.985847 21
0.325968 27
0.195814 9
0.161836 20
0.160156 38
0.165820 23
0.443125 14
0.380769 8
0.226375 12
0.326043 19
0.607491 28
0.424372 20
0.902492 1
0.165273 1
0.156458 1
0.141576 1
1.049228 5
0.099881 5
0.756295 2
0.000046 9
0.003604 8
0.000550 70
0.649542 14
0.294400 35
1.077543 2
0.000767 9
0.005044 49
2.029743 4
0.687685 4
0.768261 3
0.146172 3
0.164569 6
0.164096 3
0.157536 3
0.144086 6
0.936400 1
0.808482 1
0.329653 1
0.549880 1
0.083521 1
0.752547 1
0.245914 1
0.886617 1
0.191186 3
0.187983 3
0.171905 3
0.170128 3
0.175959 3
0.176439 3
0.686437 1
0.281401 1
0.545982 6
0.179730 3
0.932849 1
0.375474 1
0.610551 1
0.723723 1
0.958250 4
0.197383 3
1.256170 1
0.263889 1
0.111930 1
0.422059 1
0.109552 1
0.709137 1
0.806717 2
0.000168 78
0.001583 2
0.002589 8
0.000116 70
7.703148 21
1.277102 4
0.670221 2
0.000049 9
0.007409 49
3.688913 4
1.388932 3
0.190200 3
0.176047 6
1.054497 1
0.896446 1
0.397058 1
0.445317 1
0.118519 1
0.747110 1
0.773902 1
1.050024 1
0.272991 1
0.280507 1
0.207561 1
0.312013 1
0.098519 1
0.712367 2
0.240022 55
0.000489 8
0.000891 70
64.283544 20
0.118474 1
0.173297 39
0.151867 35
0.215058 27
0.198678 9
0.346112 20
0.324053 38
0.309640 23
0.333631 14
0.318491 11
0.281871 1
0.181875 1
0.174307 1
0.155979 1
0.648654 3
1.516553 11
0.060070 7
1.231758 11
0.008627 8
0.000127 54
0.000067 7
0.000040 6
0.000464 29
0.000833 32
0.000042 6
0.000544 3
0.000049 96
0.000040 6
0.000290 6
0.000068 215
0.000053 208
0.000067 5
0.000836 12
1.158085 6
0.001048 7
0.000788 16
0.001641 16
0.000867 5
0.000113 21
0.000137 118
0.001200 102
0.000083 55
0.000077 91
0.000066 22
0.000075 129
0.000070 103
0.000090 56
0.000078 92
0.000061 16
0.000057 11
0.000202 12
1.129190 6
0.000126 8
0.000359 437
0.610829 6
0.000020 10
0.000138 37
0.002472 503
0.412654 72
0.000749 8
0.000061 70
0.295733 9
0.407941 29
0.214023 1
0.199981 39
0.184062 35
0.472520 39
0.245217 1
0.183712 1
0.158289 1
0.154407 1
1.145664 5
0.067300 5
0.455581 2
0.003123 9
0.003885 8
0.000598 70
1.736775 14
0.176657 27
0.183967 29
0.229976 1
0.388162 39
0.525919 35
0.360270 27
0.426175 9
0.776233 1
0.167452 1
0.235986 1
1.242964 11
0.081567 7
3.391253 11
0.004916 67
0.000179 2
0.101169 63
0.003784 61
0.000077 2
0.002091 61
0.000065 2
0.001955 61
0.000041 2
0.003498 61
0.000041 2
0.002628 61
0.000024 2
0.003609 63
0.002834 61
0.000041 2
0.002986 61
0.000041 2
0.002138 63
0.000041 2
0.000261 2
0.000046 67
0.000037 2
0.015894 65
0.000084 2
0.001348 65
0.000044 2
0.001185 65
0.000186 2
0.001162 65
0.000040 2
0.001116 65
0.000014 2
0.001092 67
0.003989 65
0.000148 2
0.001623 65
0.000141 2
0.003346 65
0.000173 2
0.002265 69
0.000194 8
0.000059 70
32.289785 6
0.155581 20
0.330314 27
0.600182 1
0.177741 1
0.508275 1
0.865579 11
0.571302 7
0.716313 11
0.010890 8
0.000300 54
0.000081 7
0.000044 6
0.001124 61
0.000734 6
0.000984 3
0.000077 96
0.000025 6
0.000922 6
0.000061 215
0.000034 208
0.000093 5
0.000006 12
27.773104 6
0.006605 7
0.000956 16
0.002958 16
0.005235 5
0.004126 705
1.405054 18
0.000066 4
0.040222 21
0.000127 6
0.000362 12
0.000014 3
0.000801 6
0.000100 12
0.000053 4
1.673437 451
0.606318 6
0.000168 5
0.000440 5
0.000068 37
0.001743 7
0.000098 15
0.000050 6
0.000189 39
0.000302 434
4.615860 6
0.001942 18
0.011738 23
0.000076 6
0.000044 12
0.000043 5
0.000054 6
0.001512 12
0.002219 5
0.016990 24
0.018540 18
0.000273 6
0.000096 12
0.036977 18
0.000231 18
0.000054 6
0.000026 12
0.015638 6
0.000119 12
0.000065 18
0.027903 6
0.000291 12
0.000445 11
0.000146 3
0.000016 12
0.000135 5
0.033061 6
0.000221 12
0.000110 18
0.063613 18
0.000203 6
0.000084 12
0.000189 18
2.840934 25
0.019708 6
0.000014 12
0.000152 4
0.013865 6
0.000176 16
0.019557 6
0.000058 12
0.000142 13
0.000127 15
0.000143 11
0.000047 11
0.020346 6
0.000014 12
0.000114 12
0.000052 17
0.000046 13
0.000037 179
0.000115 35
0.026691 18
0.000101 12
0.000072 17
0.000108 265
0.071943 18
0.000504 12
0.000039 17
0.000087 179
0.000055 124
0.000070 11
0.000071 6
0.000110 12
0.000090 12
0.000111 15
0.000066 140
0.000063 11
0.237229 6
0.001257 12
0.000010 159
0.018948 18
0.000305 12
0.000100 17
0.000008 19
0.000041 11
0.019405 6
0.000187 12
0.019841 6
0.000075 12
0.015241 6
0.000071 12
0.025096 18
0.000327 18
0.000674 18
0.026353 18
0.132813 18
0.000509 18
0.000085 6
0.000294 12
3.407305 20
0.000030 12
0.000024 32
0.000782 8
0.001050 8
0.001758 70
1.642243 9
0.151694 19
0.394224 20
0.336143 1
0.179439 1
0.158010 1
0.202546 1
1.268877 5
0.083725 5
0.803851 11
0.002512 8
0.000134 70
6.035083 14
30.227989 27
0.607323 23
0.182079 17
2.548389 14
0.173602 27
0.322466 19
0.690225 1
0.165583 1
0.159756 1
1.323327 11
0.057839 7
12.988546 11
0.011781 100
0.000043 2
0.016629 36
7.059845 2
0.054857 53
0.002096 2
0.000162 80
0.002676 2
0.007740 66
0.000461 2
0.000380 8
0.000657 70
168.417975 6
0.081521 20
0.215998 27
0.676773 1
0.157500 1
0.203776 1
0.698179 11
0.375078 7
0.111374 7
0.605380 2
0.000185 9
0.004034 62
0.000055 7
0.000061 6
0.000485 29
0.000014 32
0.000169 6
0.000583 3
0.000033 96
0.000124 6
0.000012 6
0.000082 215
0.000038 208
0.000137 5
0.000032 12
1.439232 6
0.002017 7
0.000123 16
0.000213 16
0.002585 5
0.000084 21
0.000183 146
0.000191 156
0.000064 27
0.000064 12
0.000067 67
0.000188 191
0.000836 126
0.002353 23
1.605461 23
0.026674 25
0.000283 25
0.026083 24
0.004062 22
0.000051 6
0.000157 12
0.000080 7
0.017334 18
0.000091 18
0.000070 18
0.032587 18
0.000123 18
0.000056 6
0.000093 12
0.318080 18
0.013293 18
0.000228 18
0.033598 6
0.000053 12
0.000057 6
0.000190 12
0.033723 6
0.000020 12
0.033518 6
0.000168 12
0.041021 18
0.000171 6
0.000178 12
0.060133 18
0.770126 18
0.027426 6
0.000015 12
0.026743 6
0.000404 12
0.039396 18
0.000515 6
0.000267 12
0.628197 6
0.001116 445
0.576745 11
0.000405 42
0.110452 503
0.209389 12
0.000078 8
0.000537 52
0.001696 8
0.000214 70
1.502482 10
0.179819 20
0.337924 20
0.179948 27
0.550156 23
0.370053 1
0.151732 1
0.172078 1
0.143846 1
0.736402 5
0.168614 5
0.284336 5
1.013083 11
0.003455 8
0.000027 70
0.778939 15
0.161193 29
0.743013 20
0.571208 16
0.261933 25
0.578107 29
0.143805 20
0.336343 1
0.165550 1
0.138276 1
0.661652 11
0.347471 7
0.135557 7
0.750679 11
0.027114 80
0.000144 2
0.000594 8
0.000064 70
265.502819 1
0.198995 1
0.354400 1
0.124713 1
0.697509 2
0.002541 15
0.007919 8
0.000108 72
1.859619 1
0.317446 1
0.502221 1
0.079439 1
0.764838 2
0.000127 13
0.000199 2
