0.030209 18
0.000055 2
0.000508 8
0.000055 72
29.501751 1
0.066685 1
0.146966 1
0.150922 1
0.799002 1
0.317572 1
0.177807 1
0.179628 1
1.252431 4
0.500123 4
0.029243 4
0.029981 4
0.030276 4
0.030257 4
0.030090 4
0.029462 4
0.031481 1
0.030074 1
0.030422 1
0.030602 1
0.030313 1
2.696753 4
0.180054 14
0.175831 59
0.566228 79
0.175247 18
0.324758 7
1.061897 4
0.255102 14
0.844427 11
0.013799 14
3.611119 2
0.065902 50
0.061174 77
0.000391 40
0.000035 2
0.000012 162
0.000020 2
0.000031 44
0.000020 2
0.100772 333
0.029913 8
0.000125 96
0.585229 4
0.537903 7
0.707749 1
0.069274 1
0.656524 19
0.000121 70
0.402567 2
0.209612 6
0.342564 11
0.407588 22
0.298000 26
0.164031 15
0.153831 10
0.391961 5
12.791681 1
0.055324 1
0.214851 1
0.365597 1
0.133502 1
0.548386 1
2.798084 1
0.428129 1
1.675773 1
0.117157 1
1.887442 1
0.273322 1
1.381979 4
0.158060 4
0.504280 1
0.289509 1
0.092438 1
0.429574 1
1.826581 1
1.367510 1
0.119845 1
4.257526 1
0.499691 1
0.030733 1
0.029537 1
0.029970 1
0.030018 1
0.030576 1
0.029494 1
0.030277 1
0.030530 1
0.031266 1
0.030543 1
0.030130 1
0.030918 1
0.300026 3
0.177233 3
0.527746 29
0.156238 29
0.163687 29
0.163976 29
0.145932 29
0.141748 1
0.525344 25
0.094510 25
0.153796 25
0.262167 25
0.838917 2
0.000183 9
0.010871 8
0.000291 54
0.000075 7
0.001710 6
0.000009 29
0.000569 38
0.000073 3
0.000048 96
0.000039 6
0.000800 6
0.000069 215
0.000053 208
0.000067 5
0.000024 12
1.380935 6
0.004296 7
0.000128 16
0.000079 16
0.004530 5
0.000061 21
0.000102 57
0.000030 122
0.000010 13
0.000173 124
0.000024 108
0.000249 95
0.000030 266
0.000011 23
0.000055 62
0.000218 89
0.000070 99
0.000010 24
0.000181 9
0.000011 179
0.001178 20
0.000045 27
10.907409 451
0.518383 6
0.000949 5
0.000143 37
0.003119 7
0.000037 15
0.000023 6
0.000062 8
0.000149 31
0.000081 12
0.000123 424
0.926205 6
0.000469 6
0.000109 8
0.000219 12
0.000091 32
0.002007 8
0.000428 8
0.000089 70
4.283389 16
0.166833 21
0.166661 6
0.176223 11
0.324078 22
0.562243 26
0.325653 22
0.330064 1
0.179729 1
0.190152 1
0.204439 1
0.955839 5
0.144698 5
2.784310 5
0.223815 5
0.639011 5
0.116811 5
0.316336 5
0.285937 5
0.102053 5
1.022913 5
2.052298 11
0.006170 8
0.000685 70
0.554833 21
0.474091 41
0.444060 37
0.298135 41
16.047791 21
0.434288 18
0.309655 37
0.476357 24
0.720424 21
0.217285 41
0.246054 21
0.543948 6
0.546410 11
0.541981 1
0.211374 1
0.176168 1
0.705914 11
0.165065 11
3.012286 7
0.219569 7
0.410266 7
0.127904 7
0.412144 7
0.194237 7
0.111783 7
1.350147 7
1.826006 11
0.005155 48
11.152545 1
0.142018 1
0.798894 1
0.753131 1
0.218162 1
0.379993 1
0.131666 1
0.176484 1
0.862513 2
0.025486 9
0.000043 2
0.000055 39
0.000036 2
0.000059 90
0.000066 2
0.000365 78
1.762263 13
1.222649 11
0.006953 48
2.077330 1
0.141883 1
0.165906 1
0.162015 1
0.142228 1
0.421815 2
0.010156 123
0.000060 2
0.000104 48
20.883905 1
0.233915 1
0.436241 1
0.203451 1
0.082053 1
0.416434 1
0.099449 1
0.677170 2
0.026624 9
0.000077 40
0.000038 2
0.000253 59
0.000197 8
0.000056 70
4.289976 1
1.462011 4
15.557221 13
0.187657 34
0.191604 41
0.364765 21
0.305894 18
0.817853 11
0.011686 8
0.000145 54
0.001038 7
0.000537 6
0.000320 29
0.000051 28
0.000039 6
0.000317 8
0.000045 32
0.000039 13
0.000038 6
0.001204 3
0.000051 96
0.000023 6
0.001612 6
0.000064 215
0.000051 208
0.001753 5
0.000039 21
0.000029 57
0.000033 122
0.000027 13
0.000029 124
0.000061 469
0.000027 23
0.000073 62
0.000047 89
0.000010 99
0.000146 24
0.000010 9
0.000146 231
1.143756 18
0.013346 6
0.000279 12
0.026713 18
0.000372 18
0.047412 18
1.530069 274
0.001197 1939
0.001615 6
0.000050 12
0.000051 5
0.000039 6
0.000043 12
0.035516 32
0.000164 36
0.000253 1438
0.003836 793
0.000028 6
0.000028 12
0.002018 5
0.000025 6
0.000026 12
15.599445 71
0.000727 8
0.000385 70
4.625047 16
0.723921 1
0.151561 1
0.158086 1
0.154014 1
0.546313 3
0.317090 11
0.097791 7
0.522066 2
0.000761 9
0.009221 8
0.000165 54
0.000071 7
0.000043 6
0.000813 29
0.000193 32
0.000042 6
0.002276 3
0.000056 137
0.000041 6
0.000132 6
0.000052 108
0.000055 195
0.000045 33
0.000081 72
0.001039 189
0.000076 5
0.000023 12
11.719462 6
0.002034 40
0.003518 5
0.000249 21
0.000313 41
0.000079 97
0.000240 1142
1.687281 6
0.000019 8
0.000236 13
0.000808 48
0.000257 285
0.000018 6
0.000280 160
0.000023 12
0.614294 14
0.000216 5
0.000324 37
0.003140 23
0.000065 14
0.000028 31
0.000123 20
0.000011 8
0.000075 187
0.000034 80
0.000075 315
0.462598 80
0.000714 70
0.810151 16
0.361174 8
0.170051 33
0.199718 34
0.896974 1
0.153397 1
0.174035 1
0.141750 1
0.622158 5
0.064239 5
1.401864 11
0.001009 8
0.001130 70
1.019751 21
0.252021 41
0.356014 8
0.437863 33
0.954845 1
0.157363 1
0.175979 1
0.649336 11
0.071715 7
0.826829 11
2.664063 8
0.000055 70
15.787341 1
0.052470 1
0.405444 11
0.014722 107
0.000045 2
0.000059 123
0.000038 2
0.000049 107
0.000036 2
0.000086 107
0.000038 2
0.000050 107
0.000037 2
0.000048 107
0.000036 2
0.000070 106
0.000011 109
0.000059 109
0.000026 2
0.000027 107
0.000037 109
0.000161 351
0.000929 109
0.000037 2
0.000010 107
0.000036 109
0.000035 108
0.000035 2
0.000010 107
0.000035 109
0.000035 2
0.000010 107
0.000036 109
0.000035 2
0.000010 107
0.000035 109
0.000035 109
0.000036 2
0.000080 119
0.000206 556
0.000015 109
0.000026 2
0.000010 107
0.000035 109
0.000036 109
0.000037 2
0.000010 107
0.000154 665
0.000011 109
0.000035 109
0.000036 2
0.000010 107
0.000064 109
0.000839 2
0.000033 107
0.000010 109
0.000035 2
0.000006 107
0.001988 4095
0.000013 235
0.000054 70
17.857435 1
0.016650 1
0.164960 1
0.698686 1
0.161256 1
1.876033 1
0.888439 1
0.271738 7
1.012611 11
0.012640 8
0.000281 54
0.000068 7
0.000039 6
0.000475 29
0.001348 34
0.001926 8
0.000069 33
0.000046 13
0.000047 6
0.000519 3
0.000053 137
0.000042 6
0.000238 6
0.003202 4095
0.000071 487
21.670537 11
0.000256 60
0.002144 8
0.000096 70
1.764869 14
0.455294 19
0.399914 15
0.551983 34
1.810673 41
1.274469 11
0.010322 8
0.001817 54
0.000044 42
0.000053 28
0.000039 6
0.000451 8
0.000058 33
0.000040 14
0.000039 6
0.001086 3
0.000059 137
0.000040 6
0.000321 6
0.001865 108
0.000063 195
0.000045 33
0.000046 72
0.000050 189
0.000541 5
0.000050 21
0.000046 41
0.000032 97
0.000152 91
0.000013 116
0.000067 22
0.000010 77
0.000059 22
0.000010 61
0.001828 170
0.000023 96
0.000047 15
0.000029 65
0.000011 170
0.000060 95
0.000026 15
0.000010 86
0.000062 46
11.992144 6
0.000188 12
0.000122 4
0.018533 6
0.000170 12
0.000037 5
0.014510 6
0.000147 12
0.000054 5
0.015239 6
0.000104 12
0.000053 5
0.018014 6
0.000094 5
0.000042 3
0.000040 12
0.000046 5
0.039385 6
0.000088 12
0.000041 5
2.402603 71
0.000741 78
5.256165 1
1.303839 4
27.449424 16
0.355483 24
0.701455 11
0.006876 8
0.003971 54
0.000125 7
0.000043 6
0.001506 29
0.000034 28
0.000057 6
0.002172 8
0.000048 33
0.000040 13
0.000024 6
0.002603 3
0.000164 149
0.000070 108
0.000040 195
0.000060 33
0.000032 72
0.001656 194
0.000063 135
0.000064 141
0.000045 141
0.000046 141
0.000091 141
0.000112 141
0.000030 141
0.000053 142
0.000029 142
0.000029 142
0.000029 142
0.000029 142
0.000029 142
0.000028 142
0.000029 142
0.000028 142
0.000029 142
0.000029 142
0.000028 142
0.000028 142
0.000028 142
0.000028 142
0.000027 142
0.000028 142
0.000062 142
0.000029 142
0.000028 142
0.000027 141
0.000022 6
0.000022 12
13.890514 71
0.001190 8
0.002079 70
21.620051 1
0.038282 1
0.154562 1
0.784478 1
0.093551 1
6.208452 1
0.429384 1
1.452661 1
0.233899 1
0.191502 5
2.642861 11
0.011177 8
0.000255 54
0.000058 7
0.000062 6
0.001875 57
0.001345 6
0.001858 8
0.000104 33
0.000046 13
0.000041 6
0.000572 3
0.000052 137
0.000040 6
0.000123 6
0.000079 108
0.000203 195
0.000109 33
0.000030 72
0.000032 189
0.000602 5
0.000056 135
0.000029 141
0.000030 141
0.000027 141
0.000029 141
0.000028 141
0.000027 141
0.000028 142
0.000027 142
0.000029 142
0.000027 142
0.000028 142
0.000028 142
0.000027 142
0.000029 142
0.000042 142
0.000023 142
0.000144 142
0.000012 142
0.000043 142
0.000024 142
0.000023 142
0.000010 142
0.000041 284
0.000191 284
0.000011 159
23.186819 71
0.001112 78
58.860635 1
0.032519 1
0.142741 1
0.292165 1
0.120363 1
1.423812 1
1.426037 4
0.151536 4
0.168208 4
0.150131 4
0.157676 4
0.154730 4
0.125509 1
0.486391 13
0.303999 31
0.239814 20
0.346830 24
0.342020 20
0.327943 1
0.167798 1
0.162178 1
1.059946 11
0.079047 7
2.424204 11
0.011186 8
0.000035 54
0.000066 7
0.000040 6
0.000450 29
0.000052 32
0.000040 6
0.000759 3
0.000528 143
0.000032 6
0.000053 108
0.000056 195
0.000044 33
0.000047 72
0.000264 189
0.000069 5
0.000015 12
1.711687 6
0.004270 7
0.000101 16
0.000077 17
0.003761 6
0.000193 122
0.000630 111
0.000259 72
0.000603 68
0.000277 8
0.000078 115
0.000056 7
0.000217 62
0.000074 152
0.000135 168
0.000317 165
0.000052 80
0.000074 11
0.000180 12
1.244004 6
0.000017 12
0.000405 5
0.013438 24
0.013435 18
0.000035 7
0.000166 6
0.000291 12
0.000046 4
0.012073 6
0.000186 15
0.000135 18
0.000174 7
0.000296 18
0.000165 12
0.000057 15
0.000070 142
0.000182 116
0.028478 18
0.000103 12
0.000058 17
0.000049 33
0.000062 33
0.000063 70
0.000029 11
0.014548 6
0.000163 12
0.000073 12
0.000039 17
0.000077 39
0.000071 51
0.000460 11
0.042309 6
0.001540 12
0.000135 28
0.000013 121
0.000036 127
0.000144 34
0.000043 14
0.000023 11
0.031059 6
0.000093 24
0.000102 15
0.000140 6
0.000133 12
0.000397 42
0.000040 11
0.000010 6
0.000035 12
0.060441 6
0.000365 12
1.162919 18
0.019650 6
0.000483 12
0.014057 18
0.013255 18
0.000481 18
0.008972 18
0.000343 18
0.000179 18
0.009470 6
0.000009 12
0.000282 18
0.000255 6
0.000089 12
0.020518 18
0.047252 18
0.000059 6
0.001244 12
0.027306 6
0.000455 12
0.048067 18
0.000926 18
1.368422 6
0.000131 8
0.000037 13
0.000574 511
0.926165 14
0.000042 5
0.000260 37
0.104470 7
0.000411 61
0.000038 14
0.000031 6
0.000276 8
0.000016 187
0.000233 80
0.000236 33
0.000049 262
0.000306 19
0.239610 72
0.001180 78
0.873652 16
0.215187 23
0.611913 19
0.186051 19
1.024875 16
0.313132 23
0.191951 31
0.181907 20
0.255653 24
0.291828 19
0.294774 15
0.472499 34
2.633399 1
0.210161 1
0.200031 1
0.178075 1
1.087625 5
0.104914 5
19.062748 11
0.007121 8
0.000215 70
1.154156 21
0.642994 41
0.766698 23
0.385559 31
0.770327 20
0.895748 24
0.535940 20
0.249641 24
0.228425 31
0.199869 19
0.361915 37
0.240032 24
7.995526 21
0.102340 41
0.156612 23
0.277554 31
0.271843 20
0.318098 24
0.233869 19
0.422077 1
0.548262 15
0.438107 19
0.167456 15
0.160782 34
0.471687 38
0.369749 1
0.199857 1
0.173965 1
0.863522 11
0.073187 7
1.180858 2
0.000938 9
0.006210 86
0.003576 80
36.795263 1
1.133950 1
0.210289 3
3.965490 4
0.499495 4
0.029386 4
0.029836 4
0.030385 4
0.030065 1
0.029493 1
0.029231 1
0.030748 1
0.031340 1
0.516656 13
1.383229 1
0.244140 1
1.044673 1
0.315456 3
1.405981 11
0.005313 86
0.000279 2
0.000439 8
0.000063 70
1.233955 19
9.191638 1
0.265194 1
1.035277 4
0.857888 1
0.182701 1
0.759854 4
0.237286 1
0.894570 1
0.715461 4
0.384163 1
0.148308 1
0.694103 4
0.461441 1
0.121920 7
4.494046 4
0.499238 4
0.029684 4
0.029827 4
0.030604 4
0.029152 4
0.171322 4
0.203877 4
2.560358 1
2.007638 1
0.248964 12
3.155857 2
0.002215 9
45.781756 2
1.142872 6
0.437752 2
0.002122 2
0.002333 62
0.001469 2
0.000154 8
0.000163 70
1.858521 33
1.616211 4
0.500080 4
0.029714 4
0.030939 4
0.032194 4
0.029559 4
0.030864 4
0.031486 4
0.030510 4
0.031129 4
0.165312 4
0.168237 4
0.165519 4
2.142089 1
0.946807 1
1.222658 4
0.169709 4
9.663396 1
0.089921 1
0.842113 4
0.139750 4
1.144567 1
0.171296 1
0.390080 1
0.195926 1
0.904161 1
1.382090 1
0.153506 1
0.953002 1
0.148803 1
0.264817 1
0.245854 1
0.229870 1
1.132869 1
0.501307 1
0.892333 1
0.187356 1
0.170032 1
1.300234 11
8.581000 2
1.074562 6
0.551123 2
0.002547 2
0.000120 67
0.000021 2
0.000251 8
0.000042 70
1.129330 37
0.413939 64
1.661001 1
0.081967 1
0.335997 1
0.894905 1
0.126865 1
0.202086 1
1.286068 1
0.228054 1
0.205879 1
0.137787 1
1.374309 1
0.883074 4
4.759717 1
2.323480 1
0.149585 1
0.488379 1
0.103847 1
0.446107 1
0.274022 1
0.108894 1
1.228995 1
0.257977 1
0.828702 1
0.245425 1
0.153650 1
0.556649 2
0.000544 9
0.004760 8
0.000079 70
0.059032 2
0.000027 9
0.000101 8
0.000036 70
1.132521 23
0.513504 139
4.433245 2
0.001168 9
96.424521 4
1.142918 3
0.176929 3
0.149823 6
0.816142 2
0.001482 2
0.000034 67
0.000020 2
0.001489 8
0.000564 70
1.273847 37
0.490122 125
1.016708 139
0.151417 64
0.843450 1
0.098641 1
0.156158 1
0.296027 1
0.006889 1
0.087297 1
0.849012 4
0.157192 4
0.384278 1
1.225724 1
0.160004 1
0.281878 1
0.242719 15
0.922026 2
0.000051 9
0.011147 8
0.002122 96
0.000077 28
0.000241 6
0.000986 8
0.000067 32
0.000054 12
0.000051 6
0.001779 3
0.000083 137
0.000080 6
0.000132 6
0.000114 108
0.000069 195
0.000104 33
0.000071 72
0.000041 189
0.000136 5
0.000054 12
1.693331 71
0.002452 78
1.725019 23
0.420112 98
0.335879 1
0.201855 1
0.172290 1
0.216210 1
0.143643 1
0.694790 1
0.499550 1
0.029389 1
0.029702 1
0.030671 1
0.029734 1
0.030839 1
0.029901 1
0.152975 1
0.192434 1
0.153985 1
0.157515 1
0.128247 1
0.822372 41
0.795548 11
54.239764 2
0.003280 78
0.000585 70
1.649880 1
0.322348 1
0.277778 1
0.777975 2
0.000229 102
0.833756 3
0.353021 39
0.834701 1
0.499529 1
0.029445 1
0.029880 1
0.030173 1
0.029626 1
0.030559 1
0.031149 1
0.030252 1
0.029900 1
0.030301 1
0.029594 1
0.030426 1
0.030640 1
0.031236 1
0.163143 1
0.181275 1
0.160019 1
0.122095 1
0.747615 3
0.427522 41
0.157824 41
0.161958 41
0.169945 41
1.316046 37
1.187005 37
0.467106 37
0.330755 37
0.084759 37
0.666418 37
1.232229 37
0.242162 37
0.381854 37
0.257955 37
0.134178 37
0.337996 37
0.094992 37
1.624800 2
0.000020 9
1.447677 48
0.001262 2
0.002065 8
0.000284 70
92.505570 45
0.238251 67
0.442254 39
0.413805 89
1.001615 2
0.000239 9
0.010410 8
0.000213 54
0.000132 7
0.000041 6
0.000957 29
0.000053 28
0.000024 6
0.000377 8
0.000638 198
0.000487 6
0.000062 108
0.000011 195
0.000077 105
0.000598 189
0.093119 5
0.000021 173
163.790183 6
0.000107 7
0.000379 71
1.311594 6
0.000778 12
0.000240 5
29.670885 6
0.000173 272
4.267674 6
0.001685 61
0.000765 8
0.000287 70
43.260848 23
0.266242 106
0.389683 1
0.498988 1
0.029863 1
0.030090 1
0.029329 1
0.030447 1
0.030192 1
0.029265 1
0.030902 1
0.030624 1
0.030867 1
0.030340 1
0.030715 1
0.030934 1
0.030533 1
0.031899 1
0.030892 1
0.174834 1
28.690429 41
0.500128 41
0.030472 41
0.029573 41
0.030576 41
0.030348 41
0.142370 41
0.181903 41
0.157997 41
0.156091 41
0.146052 41
0.280221 41
1.239687 37
0.256164 37
0.181945 37
1.384194 11
325.505470 48
0.000714 2
0.001823 8
0.000045 70
447.295115 36
0.154498 89
0.884211 11
0.011006 8
0.000147 54
0.000064 7
0.000040 6
0.000944 29
0.000053 28
0.000127 6
0.000502 8
0.000047 32
0.000041 14
0.000039 6
0.000710 140
0.000387 12
0.000058 108
0.000216 195
0.000178 33
0.000059 72
0.001291 189
0.000012 5
0.000072 25
0.000054 70
0.000042 63
0.000051 12
18.285160 6
0.002699 25
0.000025 40
0.000303 8
0.000673 70
2.790598 23
0.180471 97
0.159896 89
0.173844 106
0.165955 67
0.206434 39
0.225957 89
0.253729 98
0.382059 125
0.400035 139
0.422113 34
0.367899 17
0.313904 9
0.322221 34
0.356235 41
0.716264 1
0.185646 1
0.155823 1
1.082974 11
0.087572 7
0.664862 11
0.008828 8
0.000194 54
0.000073 7
0.000019 6
0.001089 29
0.000055 32
0.000040 6
0.002735 3
0.000060 137
0.000041 6
0.000127 6
0.000052 108
0.000057 195
0.000044 33
0.000047 72
0.000121 194
0.000046 12
12.505253 6
0.006090 7
0.000203 16
0.000076 17
0.001508 1093
1.316673 6
0.000098 12
0.000481 5
0.013022 26
0.000140 6
0.000371 12
0.000105 4
0.010711 6
0.000274 12
0.000128 7
0.000011 23
0.008066 18
0.000058 6
0.000492 6
0.000017 91
0.000268 6
0.000070 12
0.000220 12
0.000159 15
0.008593 6
0.000527 12
0.000131 11
0.000073 15
0.000074 140
0.000041 11
0.000368 485
0.008774 18
0.000178 12
0.000074 17
0.000151 71
0.000025 11
0.000182 18
0.000372 11
0.000183 17
0.000163 45
0.000345 156
0.000025 11
0.022274 6
0.000429 12
0.000075 12
0.000212 17
0.000015 187
0.000023 11
0.017329 6
0.000223 12
0.000167 11
0.000065 17
0.000049 12
0.000075 48
0.000011 78
0.000045 11
0.241790 6
0.001282 162
0.000273 100
0.000298 34
0.019682 18
0.000017 26
0.000091 16
0.000034 11
0.000029 6
0.000082 12
0.010916 6
0.000371 12
0.000045 6
0.000035 12
0.012844 6
0.000075 12
0.011125 6
0.000772 12
0.000042 6
0.000035 12
0.009674 6
0.000161 12
0.000075 6
0.000534 12
0.011733 18
0.000270 18
0.013161 18
0.000310 18
0.009443 18
0.000412 6
0.000195 12
0.009731 18
0.000196 6
0.000082 12
0.019903 6
0.000506 12
0.000450 6
0.000104 12
0.038860 6
0.000253 12
0.016476 6
0.000232 12
0.000541 6
0.000021 12
0.000120 6
0.000112 12
0.031031 6
0.000046 12
0.000153 6
0.000059 12
0.032321 6
0.000590 12
0.044304 6
0.000227 12
1.074552 6
0.000034 8
0.000199 13
0.000047 48
0.000047 55
0.000351 51
0.000046 34
0.000825 13
0.001169 48
0.000016 53
0.000037 31
0.000078 6
0.000117 154
0.000034 6
0.000014 12
0.642290 6
0.000641 8
0.000013 5
0.000034 37
0.002797 7
0.000072 16
0.000058 6
0.000049 8
0.000118 43
0.000011 14
0.000074 187
0.000050 80
0.000176 295
0.000053 12
0.000028 7
0.763611 12
0.001274 60
0.000524 8
0.000256 70
27.853295 16
0.062136 29
0.167984 97
0.145642 89
0.170313 106
0.160130 67
0.161542 39
0.153951 89
0.154212 98
0.314098 125
0.195991 139
0.328148 34
0.306073 17
0.333882 9
0.309304 34
0.649316 1
0.165125 1
0.165665 1
0.316471 1
0.991707 5
0.116887 5
0.695234 11
0.004793 8
0.000223 70
1.491323 21
0.157546 41
0.164022 29
0.408276 97
0.472189 89
0.185665 33
0.128000 37
0.460210 41
0.175821 29
0.180005 97
0.192034 89
0.178329 106
0.185556 67
0.170342 39
0.436043 89
0.446462 98
0.369380 125
0.368059 139
0.226396 34
1.280423 4
0.500191 4
0.029656 4
0.029346 4
0.031130 4
0.029133 4
0.030931 4
0.029661 4
0.030521 4
0.029891 4
0.031177 4
0.030137 4
0.030985 4
0.030330 4
0.029658 4
0.031346 4
0.030497 4
0.163407 4
0.176021 4
0.170076 4
0.423303 1
0.207141 1
0.188199 1
1.010227 11
0.129011 7
0.558056 11
0.004899 59
0.000213 2
0.001284 8
0.000687 70
40.876875 13
1.124205 1
0.920906 3
0.327883 1
0.942253 24
1.243292 30
0.000020 11
0.012496 83
0.000050 2
0.002172 6
0.000046 15
0.000155 36
0.000026 2
0.003368 6
0.000027 15
0.000310 38
0.129715 21
0.000018 36
0.000587 2
0.005066 62
0.000056 2
0.002769 8
0.000070 70
5.760552 29
0.561382 64
1.067806 1
0.100675 1
0.140430 1
0.898622 1
0.131074 1
0.498247 1
0.143124 1
0.000630 1
1.864824 1
0.106328 1
0.000243 3
1.736997 1
0.619265 15
1.684470 2
0.000893 9
0.009131 8
0.000334 54
0.000232 7
0.000029 6
0.002175 29
0.000055 28
0.000041 6
0.000114 8
0.000045 32
0.000041 13
0.000023 6
0.001216 3
0.000020 137
0.000102 6
0.000011 6
0.000072 108
0.000056 195
0.000044 33
0.000048 261
0.001134 5
0.000052 65
0.000049 79
0.000029 48
0.000027 54
0.000030 78
0.000029 85
0.000022 12
22.180811 71
0.000828 8
0.000940 70
9.874716 27
0.375879 1
0.327695 90
0.586374 1
0.327829 3
0.661581 4
0.165517 4
0.181728 4
0.166031 4
0.173951 4
0.159979 4
0.175892 4
0.720621 2
0.000151 9
0.113812 4
0.000876 58
0.009791 6
0.000084 8
0.000421 23
0.000058 2
0.007707 39
0.002298 6
0.000046 8
0.000175 23
0.000044 2
0.001751 62
0.000044 2
0.000384 8
0.000062 70
4.001180 22
0.319955 88
1.379849 11
0.009008 8
0.000221 54
0.000077 7
0.000046 6
0.000630 29
0.000136 28
0.000053 6
0.000335 8
0.000049 32
0.000072 13
0.000189 6
0.002593 3
0.000052 137
0.000039 6
0.000170 6
0.000058 108
0.000055 195
0.000045 33
0.000047 72
0.000079 189
0.000297 5
0.000050 58
0.000868 79
0.000057 50
0.000063 56
0.000027 78
0.000060 97
66.007995 18
0.000044 4
0.027145 6
0.000179 17
0.065635 6
0.000068 12
0.000621 28
0.077330 18
0.000096 18
1.179215 71
0.000818 78
1.547617 27
0.125861 87
1.243136 4
0.159831 4
0.152816 4
0.166877 4
0.162866 4
0.161452 4
0.151829 4
0.146215 4
0.724682 26
1.061504 45
0.009939 85
0.000044 2
0.003724 6
0.000045 17
0.000181 36
0.000044 2
0.014455 61
0.004879 6
0.000071 17
0.000542 36
0.000043 2
0.004425 62
0.000044 2
0.000416 8
0.000061 70
1.773583 31
0.364681 92
1.888958 11
0.013390 8
0.000145 54
0.000093 7
0.000793 6
0.000446 29
0.000107 28
0.000114 6
0.000008 8
0.000120 32
0.000041 13
0.000038 6
0.000457 3
0.000450 1174
2.783952 6
0.000258 5
0.000269 8
0.000250 12
0.001051 40
0.002176 8
0.000157 70
18.482841 27
0.177516 92
0.586127 92
0.394267 87
1.819672 11
0.013056 4
0.000045 33
0.000207 23
0.000545 2
0.004091 6
0.000044 8
0.000919 23
0.000043 2
0.013202 39
0.006591 39
0.004006 62
0.000053 2
0.000383 8
0.000085 70
2.830269 2
1.591851 4
19.311053 22
0.147603 88
1.448776 2
0.000845 9
0.008833 8
0.000618 54
0.000086 7
0.000049 6
0.000753 29
0.000064 28
0.000271 6
0.000234 8
0.000242 32
0.001687 13
0.000018 9
0.000134 137
0.000040 6
0.000121 6
0.000051 108
0.000056 195
0.000091 33
0.000028 72
0.001506 194
0.000054 58
0.000032 79
0.000061 50
0.000045 56
0.000048 78
0.000047 85
0.000039 12
19.401942 6
0.001512 13
0.000019 12
0.000038 32
0.000075 8
0.001679 8
0.001095 70
9.548534 2
0.993922 2
0.693578 4
0.161229 4
0.148652 1
0.926779 1
0.277970 1
0.297230 1
0.173754 1
1.035261 68
0.000015 10
0.001823 70
3.133825 1
0.270762 1
0.506557 1
0.103946 1
0.660323 2
0.000266 9
0.000015 4
0.003157 2
0.012570 8
0.000218 72
2.969658 1
0.317758 1
0.360282 1
0.127447 1
1.198177 17
