0.167081 18
0.001423 2
0.004288 8
0.002217 72
1.842963 1
0.398218 1
0.107707 1
0.703008 4
0.153106 4
0.174218 4
0.145896 1
0.477242 4
0.202819 10
0.373559 34
0.626680 69
0.359383 69
0.177702 69
0.169637 6
0.181779 7
0.874396 1
0.192770 1
0.107720 1
0.166728 1
0.787330 1
0.188730 1
0.610453 1
0.187967 1
0.279150 1
0.100306 1
0.758293 11
0.026524 14
4.052180 2
0.145115 48
0.000643 2
0.183534 77
0.000861 2
0.000082 16
0.000034 2
0.000080 20
0.005050 212
0.213339 333
0.078034 8
0.000491 96
2.538063 4
0.330595 20
0.499926 23
0.160349 7
3.882887 1
0.147657 1
0.744877 89
0.429852 2
0.241645 6
0.438952 20
0.682653 94
3.027945 89
0.613228 53
0.179877 66
0.342102 6
0.385804 20
1.215796 11
0.066805 8
0.000192 70
3.671031 1
0.081087 1
0.231886 1
0.916097 1
1.169326 1
1.600946 1
0.844125 1
0.071542 1
0.773563 2
0.000167 9
0.001245 8
0.000026 70
1.671144 1
0.326280 1
1.026213 1
0.265841 1
1.426671 1
1.258182 1
0.921713 1
0.129201 1
0.362207 1
0.440158 1
3.703412 14
0.000026 10
0.000856 70
18.870044 1
0.067643 1
0.377632 1
0.564011 1
0.166110 1
6.545036 4
0.151068 1
1.297784 1
0.193745 1
0.420882 1
3.598040 2
0.000791 17
0.000032 70
2.732728 1
0.866806 1
0.157164 1
0.785132 1
0.110178 1
0.967384 1
22.829061 1
0.041199 1
0.353580 1
0.382787 1
0.785732 94
5.503303 1
0.107568 1
0.222133 1
0.678584 1
0.944140 1
0.885748 1
12.512481 1
0.041585 1
0.382242 1
0.358861 1
0.576354 1
0.367785 1
0.404167 1
0.101658 1
0.941294 1
0.850673 1
0.175827 1
0.208596 1
0.816290 1
1.456359 11
0.000027 8
0.000766 70
0.947814 1
0.331166 1
0.315728 1
0.469670 1
1.058984 1
1.175908 1
0.976494 1
0.172610 1
0.276043 1
0.426801 1
1.942080 2
0.000214 9
0.000267 12
0.000048 2
0.000516 8
0.000356 70
117.005692 1
0.813368 1
0.146540 1
0.231319 1
0.486880 1
1.338064 1
0.545789 1
0.665494 4
0.054812 1
0.130100 1
0.866357 1
0.205550 1
1.490550 19
0.000684 70
0.874648 1
0.274010 1
0.332047 1
0.490659 1
0.119532 1
1.621417 1
0.744046 1
0.119955 1
0.360432 1
0.354205 1
1.611844 91
14.621832 1
0.217368 1
0.263823 1
0.331015 1
1.489153 1
0.284709 1
0.276423 1
1.338162 1
1.410710 1
0.304370 1
0.460362 1
1.730114 1
0.182073 1
0.976021 1
1.684588 11
0.101545 187
6.847814 14
3.116952 1
0.279833 1
0.430700 1
0.405366 1
0.201921 1
0.190526 1
0.168192 1
1.003637 5
0.462182 1
0.212097 1
1.010513 3
0.234129 5
0.964908 2
0.000064 9
0.000769 8
0.000389 70
2.759791 1
0.298726 1
0.231001 1
0.366644 1
0.115591 1
1.771844 1
2.812110 1
1.961504 1
2.156335 1
0.216182 1
0.269758 1
0.332748 1
9.558122 1
1.940315 1
1.009090 1
1.834731 1
0.798376 1
0.860044 4
0.346289 1
10.621457 11
0.000178 5
0.000529 10
0.000477 70
23.134506 1
0.162703 1
0.232838 1
0.391666 1
0.833663 1
0.919656 4
0.721894 1
0.529029 1
0.474066 1
1.532534 1
3.062742 1
0.924426 2
0.000220 17
0.000072 70
1.274153 1
1.684470 4
0.458751 9
0.174012 26
7.533609 11
0.000277 7
0.000717 78
16.462496 1
0.771480 1
0.171395 1
0.199749 1
0.248697 1
1.191471 1
0.261839 1
0.437305 1
0.662125 1
0.255299 1
3.282224 19
0.003566 70
0.893334 1
0.301039 1
0.229675 1
0.465046 1
2.421883 4
0.175343 4
0.161617 4
0.174626 4
0.135815 1
0.489051 10
0.190091 27
5.751991 91
29.307264 1
0.435543 1
0.345239 1
0.627335 1
0.253935 1
1.628131 1
0.429771 1
0.742612 1
2.118137 1
2.509274 1
1.763133 1
0.096628 1
0.926907 1
1.325156 1
0.149723 1
2.838372 1
0.281959 1
1.986762 1
0.080265 1
0.867793 1
1.769410 19
0.000169 70
0.639861 1
0.069361 1
1.394042 2
0.000850 9
0.116950 1232
0.000035 8
0.000504 70
46.903080 1
0.195066 1
0.145734 1
2.516146 1
0.791701 1
0.216371 1
0.360341 1
0.091095 1
2.093887 1
1.751872 1
2.208869 1
1.054981 1
0.104526 1
0.330071 1
0.082460 1
1.932684 1
0.725478 1
3.660045 1
3.243799 1
2.703622 1
3.066490 1
0.995794 1
3.105992 1
2.447743 1
0.504088 1
1.941025 1
5.103424 11
0.014308 78
1.251131 1
0.467899 1
0.077108 1
2.422535 1
1.505732 1
0.779142 1
1.098690 1
0.168351 1
0.190417 1
2.013453 1
2.632153 1
3.476670 1
1.746538 1
0.105706 1
0.175714 1
0.679892 1
3.989033 11
0.467263 110
0.000037 20
0.054818 8
0.000349 70
2.441003 1
0.612704 1
0.086859 1
2.169995 1
0.484434 1
0.243642 1
0.286025 1
0.290083 1
0.186682 1
0.329203 1
0.162610 1
0.912494 1
0.598062 1
0.458859 1
0.117700 1
0.276390 1
0.983893 11
0.259249 378
0.005477 8
0.000227 70
8.886571 16
0.265679 1
0.500130 1
0.030472 1
0.030562 1
0.029306 1
0.030846 1
0.030102 1
0.029938 1
0.029683 1
0.033515 1
0.026597 1
0.030379 1
0.029706 1
0.029623 1
0.030809 1
0.028965 1
0.030405 1
0.044861 1
0.016057 1
0.030673 1
0.030608 1
0.045315 1
0.015519 1
0.120951 1
0.610493 5
0.437404 5
0.138736 5
0.144788 5
0.150231 5
0.673572 11
0.265614 36
4.029844 2
0.141071 137
0.002392 8
0.000136 70
6.679473 21
0.235489 73
0.834500 11
0.105607 7
0.002983 1
0.000364 2
0.000169 4
0.000129 140
0.000086 4
0.000095 2
0.000172 7
0.000093 1
0.000085 2
0.000083 4
0.000090 198
0.000082 4
0.000128 2
0.001748 8
0.000168 70
1.029621 16
0.547745 19
0.218708 1
9.298236 1
0.419807 1
0.706608 1
0.163589 1
2.513942 1
0.101512 1
0.840483 1
0.306379 1
0.276813 1
0.439122 1
0.122772 1
2.745586 1
0.845362 1
0.972570 1
0.533571 1
0.432800 1
0.104436 1
1.926652 1
1.136519 1
1.445922 1
0.997303 1
1.316604 1
0.572925 1
3.476667 4
0.499334 4
0.031066 4
0.029905 4
0.029656 4
0.031216 4
0.029645 4
0.029859 4
0.031612 4
0.030814 4
0.030263 4
0.030477 4
0.030423 4
0.028987 4
0.031088 4
0.030459 4
0.030996 4
0.031529 4
0.028457 4
0.030004 4
0.029874 4
0.031012 4
0.030173 4
0.029240 1
0.048137 1
0.012952 1
0.029949 1
0.030300 1
0.047185 1
0.015059 1
0.121444 1
1.215143 1
0.327388 1
0.538595 1
0.137146 1
4.897911 4
0.500321 4
0.029403 4
0.030782 4
0.030822 1
0.044470 1
0.015776 1
0.029652 1
0.029866 1
0.044800 1
0.016589 1
0.029630 1
0.029865 1
0.045231 1
0.016751 1
0.029502 1
0.036952 1
0.025419 1
0.037481 1
0.022958 1
0.030632 1
0.030869 1
0.030482 1
0.030732 1
0.030610 1
39.680349 16
0.096386 73
0.189249 73
0.647189 32
1.173791 11
0.345604 110
0.000035 20
0.077872 8
0.000290 70
91.476963 33
1.085744 85
0.000051 2
0.000054 9
0.189794 118
0.001969 366
0.066975 8
0.000267 70
65.499011 1
0.191836 1
0.467698 1
0.081721 1
1.778589 2
0.001905 15
0.011238 8
0.000233 72
1.342701 1
0.390842 1
0.206543 1
0.146120 1
0.211662 1
0.514378 1
0.559914 1
0.092124 1
2.784400 4
0.500065 4
0.029578 4
0.030772 4
0.030174 4
0.029292 4
0.030091 4
0.029565 4
0.031238 1
0.047591 1
0.013221 1
0.030733 1
0.030398 1
0.045211 1
0.016547 1
0.287228 1
0.522043 1
0.167586 1
0.210304 1
0.540706 1
0.234149 1
0.267986 1
0.437936 1
0.163662 1
0.406012 1
0.139634 1
1.880151 1
0.774454 1
0.668821 1
0.192579 1
0.355849 1
0.990930 11
0.061405 14
0.000401 140
0.000107 4
0.000098 2
0.000316 8
0.000484 2
0.000140 4
0.001316 202
0.000035 2
0.000996 80
4.477106 1
0.339091 1
0.810565 4
0.146906 4
0.150216 1
0.433936 16
0.263356 1
0.500413 1
0.029491 1
0.031048 1
0.033087 1
0.027389 1
0.032933 1
0.027877 1
0.030886 1
0.031263 1
0.030926 1
0.030907 1
0.030951 1
0.029156 1
0.030222 1
0.029941 1
0.030904 1
0.041063 1
0.020506 1
0.029796 1
0.053027 1
0.007410 1
0.411762 5
1.041385 5
0.210265 5
0.496426 5
0.123568 5
0.781796 11
0.038004 37
4.540231 2
0.148641 50
1.049231 52
0.000995 60
0.000100 2
0.116037 132
0.129019 67
0.000094 67
0.455914 76
0.000145 2
0.000123 76
0.103908 63
0.001179 63
0.011527 73
0.000703 2
2.038148 79
0.001604 6
0.002456 2
0.213651 194
0.003574 2
0.000454 83
0.005604 2
0.143817 59
0.001618 149
0.039514 33
0.500225 56
0.001044 4
0.500336 56
0.001383 4
0.500681 60
0.500115 60
0.500589 60
0.500301 60
0.500577 60
0.500240 60
0.500674 60
0.500358 56
0.001161 4
0.500745 56
0.001136 4
0.500731 60
0.500577 60
0.500466 60
0.500514 60
0.500457 60
0.500625 60
0.500357 60
0.500567 56
0.001458 4
0.500613 60
0.500283 56
0.001244 4
0.500825 60
0.500559 60
0.500302 60
0.500565 60
0.500371 60
0.500584 60
0.500394 60
0.500634 60
0.500319 56
0.001400 4
0.500654 60
0.460005 240
0.002527 39
0.005441 106
3.082330 1
0.002683 15
0.249890 109
0.269656 40
0.001092 2
0.002285 1
0.000302 40
0.000266 3
0.001966 1
0.000230 352
1.037254 43
0.001008 1
0.753335 44
0.147557 43
0.001210 1
2.359699 44
0.133469 43
0.001378 1
0.120275 44
0.131849 44
0.152905 44
0.168112 43
0.001136 1
0.752395 44
0.003494 140
0.025753 83
0.001487 2
0.000723 64
0.001464 98
0.000460 64
0.001837 96
0.000113 2
0.026610 48
0.003363 2
0.229451 162
0.176578 57
0.006335 162
0.004559 64
0.001412 96
0.000149 2
0.006098 255
0.553976 149
0.001368 103
0.011866 35
0.000485 168
0.000134 2
0.008584 120
0.003064 180
0.066588 82
3.696628 136
1.689388 20
5.700410 7
0.001663 65
0.010709 8
0.000187 72
9.260531 21
0.183918 73
0.974078 73
0.239665 24
1.016769 1
0.159859 1
0.203794 1
0.777381 1
0.438890 1
0.280062 1
0.408158 1
0.193765 1
0.414328 1
0.105708 1
0.849487 11
0.022089 14
4.277080 2
3.041617 61
0.002964 8
0.002206 72
4.261461 1
0.894558 4
0.480334 1
0.176438 1
0.234087 1
0.174981 1
0.907775 1
0.280972 1
0.617346 1
0.220573 1
1.134017 1
0.089799 1
2.045583 2
0.001416 9
0.023479 14
4.131758 2
0.179530 48
0.001021 2
0.237556 77
0.000876 2
0.000086 16
0.000044 2
0.000063 20
0.000042 2
0.000082 162
0.000097 2
0.000071 44
0.000479 2
0.234411 78
0.001923 255
0.105475 8
0.000188 96
2.066510 1
0.141947 1
1.575686 89
0.389301 2
0.283775 6
0.382246 28
0.249943 81
0.543817 40
0.279751 81
0.550525 32
0.596482 32
1.530232 11
0.108322 8
0.000438 70
5.403370 16
0.198797 19
0.345915 6
0.392461 28
0.519309 81
0.292715 32
0.537263 73
0.574856 73
0.527301 32
0.849106 38
3.173801 2
0.000181 9
0.007001 78
2.370570 1
0.743610 1
0.471513 1
0.355465 1
0.610473 1
0.289416 1
2.608279 1
0.313891 1
0.228008 1
1.460965 1
0.161026 1
2.507978 1
0.783796 1
1.626413 1
0.341523 1
0.252105 1
0.108069 1
2.382899 1
2.054770 1
1.778679 1
1.638083 1
0.266547 1
0.048756 1
2.900034 1
0.885281 1
0.304783 1
0.348321 1
0.100835 1
2.444973 1
2.494631 1
0.677509 1
0.763103 1
0.586917 1
0.103538 1
1.522573 1
0.808569 1
1.117123 1
0.598108 1
0.427721 1
0.265963 1
0.474664 1
27.220615 11
0.528927 98
0.000040 141
0.127911 8
0.000244 70
4.531468 41
0.385386 1
0.500765 1
0.028910 1
0.031361 1
0.030556 1
0.029948 1
0.030538 1
0.030220 1
0.030757 1
0.029431 1
0.031182 1
0.029368 1
0.036544 1
0.026741 1
0.033658 1
0.028446 1
0.029000 1
0.030959 1
0.033414 1
0.026233 1
0.030111 1
0.029657 1
0.029325 1
0.029534 1
0.031202 1
0.031802 1
0.031698 1
0.030287 1
0.029710 1
0.030716 1
0.030141 1
0.030277 1
0.207672 1
0.185684 1
0.154549 1
0.876835 5
0.108668 5
0.789445 11
0.148558 83
0.000573 2
0.023234 78
5.845431 1
0.185520 1
0.172123 1
0.199146 1
0.814326 4
0.181178 4
0.157978 4
0.155681 4
0.138255 1
0.899312 41
0.445410 1
0.500926 1
0.030266 1
0.030384 1
0.030215 1
0.030430 1
0.029082 1
0.030057 1
0.031078 1
0.029877 1
0.032388 1
0.028264 1
0.029508 1
0.029695 1
0.031701 1
0.029810 1
0.030743 1
0.029092 1
0.030010 1
0.030189 1
0.032442 1
0.029079 1
0.028869 1
0.031015 1
0.030861 1
0.030803 1
0.031262 1
0.030812 1
0.028966 1
0.029887 1
0.030888 1
0.029856 1
0.030393 1
0.029382 1
0.030527 1
0.030397 1
0.030182 1
0.030642 1
0.030777 1
0.029487 1
0.032872 1
0.028888 1
0.056000 1
0.006177 1
0.028102 1
0.077690 1
0.003142 1
0.461958 5
0.371944 5
0.166483 5
0.161268 5
0.190307 5
0.706226 2
0.002104 9
0.041307 36
3.966126 2
0.129156 137
0.004294 8
0.000083 70
51.271450 1
0.274939 1
0.279733 1
0.128924 1
1.012331 17
0.007497 80
12.416673 1
0.271475 1
0.321951 1
0.161698 1
0.929810 17
