0.049287 18
0.000035 82
2.243503 4
0.245134 14
0.314022 27
0.364130 32
0.669457 2
0.001772 9
0.012654 14
5.005189 2
0.070822 48
0.000017 2
0.088292 77
0.000105 2
0.000036 16
0.004981 234
0.094241 78
0.000369 2
0.004065 253
0.042176 8
0.000103 96
1.925375 1
0.099594 1
0.709897 89
4.286411 1
0.499897 1
0.527848 1
0.091674 1
0.738980 1
1.167868 1
0.929478 1
0.093945 1
0.782764 1
0.479446 1
0.147576 1
0.873619 1
2.663019 1
1.073013 1
1.380782 1
0.725162 1
0.162810 1
1.029989 1
0.951957 1
1.560060 1
0.644377 1
0.137464 1
1.278631 1
0.475701 1
0.369841 1
0.294072 1
0.173651 1
3.878588 1
0.780021 1
1.050358 1
0.433221 1
0.165713 1
0.705095 1
1.383104 1
1.914309 2
0.000862 9
0.003924 8
0.000074 70
1.077488 1
0.143238 1
0.679795 11
0.004597 135
0.000087 2
0.000219 113
0.000337 2
0.000172 8
0.000196 70
32.633064 1
1.202049 1
0.453637 1
0.431477 1
0.137120 1
0.884330 4
0.110822 1
1.139254 1
0.698032 1
0.097161 1
0.315771 1
0.216194 1
0.329291 1
0.156794 1
3.512166 11
0.111574 8
0.000363 70
3.398722 1
0.064942 1
1.368220 1
2.278679 1
0.129295 1
0.210327 1
0.457656 1
0.133444 1
0.000569 2
1.690086 1
1.724214 4
0.365556 1
0.942001 1
1.223866 1
0.416592 1
0.153781 1
0.157072 1
0.833548 4
0.112860 1
0.744627 1
1.690536 1
0.828215 1
0.100662 1
0.274725 1
1.036584 1
0.091162 1
0.000379 3
2.578145 1
3.947175 2
0.000893 9
0.005655 8
0.000573 70
2.045059 1
0.125621 1
0.416891 1
1.551544 1
0.103927 1
0.458771 1
1.927552 2
0.000152 9
0.005725 4
0.108361 58
0.000741 56
0.002382 2
0.001440 8
0.000157 70
6.211032 1
0.237765 1
0.196212 1
3.492656 1
0.075446 1
0.640115 1
0.255544 1
0.236061 1
0.203783 1
0.961392 11
0.008957 28
0.000064 2
0.000361 8
0.000061 70
17.431601 1
0.067384 1
0.744818 2
0.002356 9
0.002258 125
0.001033 119
0.001432 8
0.000156 70
102.723981 1
0.620740 1
0.097123 1
0.758095 1
0.097995 1
0.542783 1
0.266564 5
1.940579 1
0.793888 1
0.442700 1
0.812067 1
0.139718 1
0.691165 1
0.738554 1
5.280903 11
0.001965 78
0.905799 1
0.113850 1
0.553778 2
0.000855 9
0.006763 181
0.000050 2
0.000407 8
0.000066 70
25.666705 1
0.249750 1
0.185796 1
0.389830 1
1.486080 1
0.626687 1
1.787266 1
2.362143 1
0.574000 1
0.121578 1
0.744342 4
0.168140 4
0.294211 4
0.740186 1
0.869586 4
0.453944 1
0.752983 1
0.059262 1
3.643547 1
0.704557 1
0.127512 1
0.630690 1
0.189473 1
0.328445 1
0.163285 1
2.010664 1
1.219406 1
0.904842 4
0.365378 1
9.582321 2
0.001372 9
0.009614 38
0.000347 70
75.454651 1
0.780380 1
0.359219 1
0.100279 1
0.677180 17
0.004258 8
0.001829 72
1.153565 1
0.306199 1
0.430664 1
0.133709 1
0.637749 17
