0.019262 72
22.949847 1
0.087961 1
0.416191 1
0.319919 1
0.463996 1
0.557864 1
0.097888 1
1.146403 11
0.000223 86
0.000089 72
1.531618 1
0.079731 1
0.682297 11
0.001985 266
0.000459 72
5.685436 1
0.073864 1
0.176097 1
1.761906 1
0.868303 1
0.123553 1
0.112498 1
1.036087 1
0.083513 1
1.258253 11
0.000244 8
0.000008 78
15.057739 1
1.203957 1
0.245929 1
0.869974 11
0.000040 21
0.000089 86
9.162348 1
0.733970 1
0.425695 1
0.391991 1
0.147878 1
0.916246 1
2.543958 1
0.409805 1
0.336015 1
1.332194 1
0.901995 1
0.137777 1
1.120287 11
0.002609 86
6.495425 1
0.293899 1
1.807983 1
1.196085 1
0.125680 1
0.240201 1
1.050166 1
0.556257 1
0.225693 1
1.007945 1
0.267701 1
0.164075 1
0.888278 4
0.117493 1
0.486444 11
0.001737 86
7.246637 1
0.991657 1
0.441944 1
0.834129 1
0.223584 1
0.758344 1
1.038012 1
0.770180 1
0.219580 1
0.914321 1
0.191641 1
0.149794 1
4.244791 4
0.161319 4
0.517785 4
0.032958 4
0.033025 4
0.030970 4
0.035114 4
0.033119 4
0.033300 4
0.033064 4
0.032997 4
0.033015 4
0.033162 1
0.030013 1
0.034879 1
0.033958 1
0.029615 1
0.036603 1
0.032323 1
0.694480 1
0.183783 1
0.236184 11
0.000112 72
1.635845 1
0.592202 1
0.251605 1
0.432213 1
0.395946 1
0.093544 1
1.380687 1
0.131556 1
0.780424 1
0.831933 1
0.127689 1
0.123926 1
1.000314 11
0.006006 72
1.086228 1
0.191800 1
0.385807 1
0.301991 1
0.264156 1
0.954058 1
0.758142 1
0.129466 1
0.668558 1
0.801992 1
0.165649 1
0.117974 1
0.790458 11
0.002299 72
6.521716 1
0.055446 1
0.536340 1
1.237719 1
0.604265 1
0.447976 1
0.878100 1
0.101479 1
0.136111 1
1.040401 1
1.283997 1
0.487885 1
0.461878 1
0.872196 1
0.119538 1
0.118046 1
1.212301 11
0.006435 72
8.991654 1
0.028239 1
0.839588 1
1.098093 1
0.217884 1
0.560136 1
0.399957 1
0.135945 1
0.133883 1
0.492130 1
3.116238 1
0.169931 1
0.309776 1
0.840187 1
0.273960 1
0.894013 4
0.135669 1
0.290213 1
0.535985 1
0.129911 1
0.124105 1
1.050141 11
0.011117 8
0.000028 64
5.290971 1
0.337860 1
0.782218 1
1.017885 1
0.329950 1
0.237872 1
0.147887 1
1.534324 1
0.179820 1
0.712084 1
0.099619 1
0.124096 1
1.028252 11
0.002015 8
0.000101 64
6.368194 1
0.617808 1
0.171741 1
0.276067 1
1.842072 4
0.472035 1
0.511973 1
0.137742 1
0.374185 1
1.278263 11
0.000073 70
0.000008 53
0.000044 132
0.000113 72
10.853645 1
0.712090 1
0.239717 1
0.378180 1
0.714032 11
0.000076 6
