0.016086 102
7.816014 1
0.071528 1
0.409060 1
0.167868 1
1.953899 1
0.087738 1
0.358422 1
0.227486 1
0.322354 1
0.247763 1
0.550157 1
0.210205 1
0.157514 1
0.240254 1
0.994172 1
0.667944 1
0.437978 11
0.881533 80
0.000901 133
0.001213 3945
0.000523 2592
4.498355 78
0.013667 312
0.015114 588
0.021609 139
0.359526 93
0.026599 83
0.000668 2037
0.003546 115
0.000019 156
0.000866 2146
8.467923 45
3.196015 1
0.281924 1
1.017982 1
0.740145 1
0.000095 121
5.579972 47
3.429817 45
6.997985 1
0.476029 1
0.614036 29
0.179900 29
0.230070 1
0.059782 1
0.994667 1
0.621533 1
0.000015 20
0.000060 14
0.002123 133
0.019447 76
0.005704 102
196.145230 1
0.303663 1
0.105537 1
10.636792 1
1.233949 1
0.121646 1
0.876015 1
0.201737 1
0.318379 1
0.381888 1
0.952024 1
0.185753 1
0.200017 1
0.211948 1
0.564264 1
1.902024 1
0.227901 1
0.556067 1
1.078026 1
1.132079 1
1.379856 1
0.136141 1
0.331933 1
0.211840 1
0.279707 1
0.634442 1
3.890160 1
0.215453 1
0.180349 1
0.171591 1
2.760193 11
0.354006 279
0.000012 210
0.014446 614
0.021272 102
96.491902 30
0.854680 11
0.882958 102
12.559697 1
1.077396 4
0.365962 1
0.162013 1
1.004074 1
0.115933 1
0.326122 1
0.425889 1
0.796144 1
0.436076 1
0.785823 1
0.163681 1
0.142084 1
0.200429 1
0.811786 11
0.001174 11
0.000497 8
0.000061 94
62.118721 1
0.949552 1
0.339950 1
0.842859 1
0.457139 11
0.000037 6
