0.028615 18
0.000981 2
0.000353 8
0.000066 72
0.589626 4
0.407722 11
1.380934 11
0.012444 37
3.797725 2
0.032293 48
0.000149 2
0.085810 329
0.096750 78
0.001054 255
0.023501 8
0.000095 64
26.158289 1
0.162074 1
0.478293 1
0.428233 1
0.069603 1
1.179585 1
0.216698 1
0.347799 1
1.228758 1
0.305387 1
0.981401 1
0.738567 1
0.154505 1
1.709408 1
0.624663 1
0.141111 1
0.413395 1
1.761839 8
2.491833 1
0.849544 1
0.324836 1
1.397693 1
0.489355 1
0.663827 1
0.102766 1
1.597141 1
0.213981 1
0.955688 1
0.130082 1
4.126676 2
0.000319 9
0.083681 108
0.004054 164
0.000069 2
0.001636 43
0.021026 8
0.000155 64
23.337869 36
1.078168 1
0.500201 1
0.032185 1
0.030465 1
0.028437 1
0.030458 1
0.031133 1
0.032865 1
0.029246 1
0.030543 1
0.030192 1
0.031400 1
0.029360 1
0.029712 1
0.030128 1
0.030955 1
0.031612 1
0.040339 1
0.026227 1
0.026475 1
0.026962 1
0.032890 1
0.035472 1
0.033552 1
0.027538 1
0.034317 1
0.023900 1
0.036570 1
0.026892 1
0.029486 1
0.032471 1
0.029753 1
0.033304 1
0.032079 1
0.023355 1
0.030942 1
0.030195 1
0.030616 1
0.033108 1
0.031316 1
0.029555 1
0.030856 1
0.030287 1
1.509562 5
1.843539 5
0.684503 5
0.207487 5
1.760364 5
1.150694 2
0.000431 9
0.105291 8
0.000283 64
5.173373 1
0.432083 1
3.774195 4
0.244019 4
0.241515 1
3.727235 41
0.343554 1
0.500126 1
0.030414 1
0.030007 1
0.029365 1
0.032421 1
0.031623 1
0.028068 1
0.029586 1
0.031136 1
0.032335 1
0.033380 1
0.030569 1
0.029776 1
0.030164 1
0.031811 1
0.031074 1
0.029015 1
0.030464 1
0.030084 1
0.031392 1
0.031122 1
0.030645 1
0.030332 1
0.030698 1
0.031112 1
0.028785 1
0.030205 1
0.030910 1
0.033233 1
0.031387 1
0.030672 1
0.028613 1
0.030690 1
0.032156 1
1.319017 3
0.198589 3
0.175589 3
0.154321 3
0.771177 5
0.148591 5
0.455094 5
0.194901 5
0.188798 5
0.900740 5
0.387318 5
2.227666 3
0.483174 3
0.202042 3
0.551218 61
0.141391 61
2.519280 3
0.498164 3
0.499447 3
0.030487 3
0.029893 3
0.031400 3
0.028403 3
0.030480 3
0.029968 3
0.031791 3
0.030831 3
0.029026 3
0.029495 3
0.032317 3
0.032363 3
0.027050 3
0.030980 3
0.030712 3
0.031697 3
0.030479 3
0.027891 3
0.029631 3
0.032052 3
0.028182 3
0.030059 3
0.030075 3
0.031979 3
0.248268 3
0.793836 1
0.220016 3
0.925882 3
0.389567 1
1.299236 7
0.552393 3
18.470097 1
3.253263 2
0.000061 9
0.001572 69
0.000089 2
0.000418 8
0.000065 64
4.107496 37
0.637389 1
0.499313 1
0.031050 1
0.031144 1
0.030588 1
0.031004 1
0.031634 1
0.032195 1
0.027122 1
0.030018 1
0.031033 1
0.033371 1
0.029466 1
0.030322 1
0.030018 1
0.031868 1
0.031761 1
0.027607 1
0.029667 1
0.031896 1
0.031403 1
0.026893 1
0.030921 1
0.030632 1
0.032314 1
0.032096 1
0.028300 1
0.030211 1
0.029812 1
0.031856 1
0.030043 1
0.146084 1
0.732059 5
0.160939 5
0.164547 5
0.164373 5
0.133581 5
1.017568 2
0.000058 9
0.000705 98
4.659194 32
0.817141 71
0.471960 138
0.000822 232
0.259187 35
1.453409 1
0.189645 1
0.490029 1
2.826648 1
1.137776 1
0.125209 1
0.311867 1
0.282902 1
0.385223 1
0.075997 1
1.175497 1
0.197013 1
0.850374 1
0.603703 1
0.124043 1
1.867146 1
0.321267 1
1.905796 1
2.074662 1
0.175798 1
1.150200 1
0.656640 4
0.550456 1
0.590948 1
0.199841 1
0.399967 1
4.172102 1
0.500342 1
0.030208 1
0.030717 1
0.030981 1
0.028426 1
0.030583 1
0.030250 1
0.032474 1
0.031663 1
0.026459 1
0.031152 1
0.032415 1
0.028720 1
0.030802 1
0.031114 1
0.031094 1
0.031647 1
0.031143 1
0.028451 1
0.029779 1
0.032550 1
0.030875 1
0.028809 1
0.029594 1
0.030739 1
0.030156 1
0.032165 1
0.031512 1
0.564517 5
3.915789 2
0.000526 9
0.141369 98
44.500272 1
0.226820 1
0.239283 1
1.804188 1
0.169594 1
0.261666 1
0.467467 1
2.355480 1
0.509230 1
0.382111 1
1.748402 1
0.537800 1
1.577338 1
2.059105 1
0.351288 1
0.356120 1
0.231598 1
0.184753 1
0.243371 1
0.203093 1
2.791065 1
0.763291 1
0.327119 1
3.063027 1
0.216870 1
0.626134 1
0.746083 4
0.153720 4
0.300094 1
0.130178 1
0.916958 1
1.045231 1
0.206879 1
0.199689 1
4.632518 2
0.000496 9
0.088739 76
0.000461 204
0.003983 45
0.033944 8
0.000087 90
4.077868 30
0.311685 1
0.499935 1
0.030471 1
0.031913 1
0.027855 1
0.030558 1
0.031378 1
0.031362 1
0.029861 1
0.030278 1
0.030950 1
0.030812 1
0.032992 1
0.028047 1
0.030569 1
0.030867 1
0.030587 1
0.029715 1
0.030363 1
0.030415 1
0.031860 1
0.028493 1
0.029289 1
0.030686 1
0.032633 1
0.030086 1
0.027846 1
0.030583 1
0.032512 1
0.029768 1
0.029625 1
0.031232 1
0.030651 1
0.029889 1
0.791302 5
0.177688 5
0.194201 5
0.890877 5
0.761717 1
0.293920 1
0.172250 1
0.166354 1
0.139851 1
0.560935 5
0.924898 11
0.108862 98
6.443362 35
0.349924 1
0.500562 1
0.031150 1
0.030698 1
0.031100 1
0.030160 1
0.032427 1
0.027679 1
0.030170 1
0.032079 1
0.031206 1
0.031767 1
0.030697 1
0.028722 1
0.030549 1
0.031874 1
0.028336 1
0.030637 1
0.030650 1
0.031094 1
0.032811 1
0.029415 1
0.358800 1
1.555712 1
0.191159 1
0.170867 1
0.269663 1
2.655687 5
0.175618 5
0.225987 5
1.052378 5
0.107409 5
0.164463 5
5.843211 3
0.499769 3
0.029851 3
0.032310 3
0.030939 3
0.028932 3
0.029423 3
0.031191 3
0.031271 3
0.030094 3
0.029238 3
0.030886 3
0.031893 3
0.027545 3
0.030382 3
0.030090 3
0.032509 3
0.030498 3
0.028834 3
0.030725 3
0.030513 3
0.029001 3
0.305696 1
0.673528 17
0.500512 17
0.030228 17
0.030746 17
0.031700 17
0.033033 17
0.029503 17
0.030420 17
0.028448 17
0.029834 17
0.031400 17
0.032064 17
0.028751 17
0.029549 17
0.032702 17
0.028321 17
0.516478 17
0.177547 13
3.125835 11
0.094249 14
0.000092 2
0.001281 13
0.000341 83
0.000183 8
0.000254 90
31.975810 1
0.241955 1
0.190141 1
0.172228 1
1.129951 1
0.157766 1
0.847146 1
0.705130 1
0.193289 1
0.388638 1
0.136050 1
0.713975 2
0.000044 9
0.086951 101
0.003729 204
0.017668 8
0.000145 90
1.564253 10
0.321981 1
0.500765 1
0.029497 1
0.029870 1
0.030716 1
0.032158 1
0.028306 1
0.030329 1
0.029649 1
0.031277 1
0.028802 1
0.029974 1
0.031832 1
0.032506 1
0.703578 5
1.405638 5
0.677436 1
0.320227 5
0.867125 5
0.775910 5
0.806424 11
0.121419 48
0.000860 2
0.110989 329
0.095786 78
0.000518 2
0.000199 17
0.000065 2
0.000472 21
0.000353 2
0.000252 162
0.000084 2
0.000203 45
0.000066 2
0.044498 8
0.000083 122
14.581452 1
0.160056 1
0.197732 1
0.962784 1
0.563997 1
0.361461 1
0.307857 1
0.106201 1
1.293828 1
0.436328 1
0.187557 73
0.000840 240
0.032878 1
5.935610 18
0.734347 14
7.759549 18
0.519751 14
0.191940 1
0.532323 18
0.347686 14
1.087866 1
0.166032 1
0.135350 1
0.636421 11
0.087153 309
0.030953 8
0.000129 122
3.652856 13
0.387918 1
0.500177 1
0.031115 1
0.030014 1
0.029777 1
0.032878 1
0.031587 1
0.028120 1
0.029657 1
0.030170 1
0.032972 1
0.031977 1
0.027311 1
0.031065 1
0.028851 1
0.030140 1
0.031452 1
0.032343 1
0.027762 1
0.030041 1
0.029826 1
0.032720 1
0.029407 1
0.029949 1
0.031725 1
1.203662 5
1.164066 5
0.209455 5
0.224152 5
0.906515 5
0.778304 2
0.000017 9
0.766171 80
0.000421 102
0.007002 13
0.000077 29
0.000151 27
0.000066 14
0.000898 1969
0.000475 59
0.010318 100
0.000058 15
0.000088 156
0.000941 1978
0.000012 165
6.354746 22
0.100950 32
0.001942 23
2.297590 27
0.931551 48
1.954070 292
0.789979 30
1.001196 36
1.413827 16
0.000560 22
0.100158 16
0.000967 109
0.457298 21
0.000077 25
0.998600 1
0.123622 1
0.513211 1
0.000042 20
0.000374 11
0.085528 2
0.000608 811
4.180455 254
0.621876 22
0.100257 55
0.795778 22
0.100312 32
0.000733 23
3.596888 27
0.858261 23
0.000109 25
0.585006 54
0.000013 29
0.002897 50
0.000190 2
0.000298 8
0.000157 122
2.272025 18
0.809406 1
0.241946 1
0.169924 1
0.162304 1
0.210516 1
0.542634 15
0.146015 15
0.263608 15
0.598987 11
0.041224 47
0.000450 33
0.000135 46
0.000890 13
0.001790 13
0.000093 29
0.000119 23
0.000057 4
0.000083 14
0.002317 1383
0.000328 115
0.001391 1357
20.865908 21
0.000124 241
1.546386 273
1.036848 27
1.008034 28
0.436064 28
0.097693 28
0.507976 36
0.150356 36
0.165607 36
3.066343 31
0.001613 39
1.744800 31
0.301732 32
0.462616 31
0.455009 31
0.095919 31
3.837409 30
1.877566 32
1.032357 27
2.607897 29
0.631188 28
0.498014 28
0.034009 28
0.030428 28
0.036874 28
0.029179 28
0.023481 28
0.042451 28
0.021800 28
0.035386 29
0.032460 28
0.756909 188
1.132708 106
0.972361 102
0.563472 400
1.225150 28
0.499101 28
0.029537 28
0.033787 28
0.033288 28
0.030558 28
0.028562 28
0.031610 28
0.033248 29
0.027171 28
0.029833 28
0.034225 28
0.029471 28
0.027832 28
0.031721 28
0.033117 28
0.032075 28
0.027561 28
0.030590 29
0.032710 28
0.031420 28
0.026714 28
0.032630 28
0.027817 28
0.031667 28
0.030474 28
0.033154 28
0.030893 28
0.028498 29
0.031634 28
0.032279 28
0.028406 28
0.031687 28
0.030503 28
0.030138 28
0.028823 28
0.031628 28
0.131758 29
0.024404 28
0.029873 28
0.029576 31
0.031217 31
0.031704 32
0.028220 31
0.030025 31
0.032361 31
0.029639 31
0.028561 31
0.033523 31
0.026980 31
0.030305 31
0.030003 31
0.030705 32
0.033664 31
0.027465 31
0.029288 1
0.939458 119
5.260013 31
0.298497 31
0.189325 31
0.594832 31
0.132840 32
3.308854 16
0.000259 22
0.100426 99
19.444295 53
2.685466 21
0.000059 25
1.242334 1
0.112702 1
0.766201 1
0.000121 20
0.000103 8
0.101076 162
0.004489 8
0.000288 122
75.268114 1
0.273819 1
0.307738 1
0.207872 1
1.416684 15
0.000764 185
7.488633 1
0.496016 1
0.114137 1
0.333299 1
0.332971 15
0.006733 2283
0.001801 8
0.000397 90
0.008273 1
12.254459 1
0.788486 1
0.183901 1
0.255891 1
0.686558 1
0.619689 1
0.071741 1
3.776038 1
0.197359 1
1.188823 1
0.221540 1
0.418208 1
1.363174 1
0.588854 1
0.197723 1
0.213801 1
1.566858 1
0.391610 1
1.066563 1
0.771288 1
0.426157 1
0.306106 1
0.900344 1
0.165654 1
0.129818 1
2.438110 11
0.010035 98
1.685640 1
0.774778 4
0.243480 1
0.860585 1
0.347367 1
0.376469 1
0.485723 1
2.148822 1
0.177225 1
0.216130 1
0.697023 1
0.226933 1
0.399746 1
0.218267 1
0.625999 4
0.348196 1
2.219914 1
0.685814 1
0.206750 1
1.075371 1
0.415673 1
0.107829 1
0.130243 1
1.337724 1
0.377820 1
2.165004 1
0.745920 1
1.265139 1
0.158381 1
0.192059 1
0.425706 1
2.664659 1
0.215997 1
0.371450 1
1.290172 1
0.322097 1
1.013420 1
2.687123 1
0.174592 1
0.264723 5
0.515687 3
0.203158 3
3.601932 1
0.709935 1
0.141012 3
0.779348 1
0.200973 1
0.393940 1
1.777757 1
0.734628 1
0.401527 1
0.226156 1
0.462539 1
6.653638 1
0.964015 1
1.291635 1
0.104170 1
1.037093 1
0.785682 1
0.531290 1
0.420166 1
0.123823 1
0.136333 1
1.200100 2
0.000492 9
0.002849 65
0.000081 2
0.000409 8
0.000112 90
19.405594 1
0.280177 55
1.218992 4
2.080359 4
1.110795 4
0.501886 4
0.030337 4
0.029926 4
0.030970 4
0.030469 4
0.031182 4
0.031807 4
0.028427 4
0.030728 4
0.030822 4
0.028920 4
0.030518 4
0.029998 4
0.031130 4
0.033164 4
0.028932 243
0.000851 246
0.027948 4
0.030249 4
0.032431 4
0.027670 4
0.030260 4
0.030588 4
0.032192 4
0.030170 4
0.028303 4
0.031138 4
0.032287 4
0.029084 4
0.029477 4
0.029793 4
0.032139 4
0.032906 4
0.233100 4
0.656402 11
0.001455 14
0.000041 2
0.000204 13
0.000055 2
0.000112 13
0.000068 2
0.000148 39
0.000007 27
0.000374 98
2.186577 19
0.624525 36
1.097366 1
0.500190 1
0.030438 1
0.030568 1
0.029244 1
0.031422 1
0.029653 1
0.031831 1
0.029693 1
0.030170 1
0.029764 1
0.032260 1
0.032530 1
0.027584 1
0.030712 1
0.030817 1
0.031211 1
0.033159 1
0.031049 240
0.026751 1
0.030424 1
0.032391 1
0.029093 1
0.030772 1
0.029237 1
0.030644 1
0.033437 1
0.030126 1
0.028151 1
0.030676 1
0.031416 1
0.032163 1
0.029304 1
0.316578 1
0.522287 177
0.500374 173
0.031046 173
0.028429 171
0.031056 169
0.031475 167
0.033311 165
0.027858 163
0.030086 159
0.029476 166
0.029630 163
0.030332 160
0.030586 157
0.029234 154
0.032903 151
0.029537 148
0.029685 144
0.031473 181
0.031417 5
0.000182 144
0.030079 5
0.031444 5
0.030125 1
0.029381 1
0.030063 1
0.030353 1
0.030934 1
0.032016 1
0.506444 2
0.000486 9
0.002211 65
0.000217 2
0.000256 8
0.000344 90
33.145729 1
0.303549 19
0.194056 36
1.902794 134
0.000094 2
0.000061 211
0.877505 70
27.902167 1
0.097596 1
0.360108 1
0.235589 1
0.188839 1
0.203386 1
0.168066 1
0.198063 1
0.184116 1
2.333835 5
0.500582 5
0.029435 5
0.029725 5
0.030803 5
0.031612 5
0.030777 5
0.028909 5
0.032128 5
0.151962 455
0.207171 213
0.183963 208
1.092452 3
0.328700 3
0.669830 211
1.299347 2
0.000687 1
0.000010 11
0.106319 174
0.002340 98
3.585471 42
1.629626 349
0.841448 23
2.152398 349
0.164605 36
57.156271 349
0.990692 1
0.456637 36
0.592405 1
0.202168 1
0.163662 1
0.168106 1
0.150554 1
0.211444 1
0.363989 1
0.175994 1
0.613726 5
0.853495 2
0.000558 9
0.002516 8
0.000133 90
50.569561 1
0.918200 1
0.205637 1
0.210148 1
0.437677 1
1.918211 1
0.579758 1
1.006879 1
0.325804 1
0.141168 1
0.425361 4
0.149447 4
0.615808 1
0.137701 1
1.677823 1
0.279822 1
0.183188 1
0.259186 1
0.283883 1
0.181267 1
0.509548 1
0.318998 1
2.116688 1
0.756274 1
0.179033 1
0.153749 1
3.092766 1
0.433329 1
0.386395 1
0.217758 1
0.890637 1
0.211701 1
0.059724 1
3.213036 1
0.442774 1
0.460269 1
0.323940 1
0.438008 1
0.121973 1
0.119808 1
2.158887 2
0.000098 9
0.142375 8
0.000350 90
13.392067 36
0.155047 80
4.795776 4
0.502309 4
0.028540 4
0.029333 4
0.030187 4
0.032123 4
0.030912 4
0.028411 4
0.030826 4
0.030649 4
0.029240 4
0.030602 4
0.029820 4
0.032622 4
0.033360 4
0.029536 4
0.028895 4
0.031610 245
0.000018 244
0.029096 4
0.029984 4
0.031464 4
0.030577 4
0.029891 4
0.030220 4
0.031022 4
0.030819 4
0.028909 4
0.031145 4
0.029572 4
0.032576 4
0.030799 4
0.290459 4
0.330212 4
0.189869 4
1.940970 1
0.514690 1
0.324647 1
0.312464 4
1.665706 1
0.439837 1
0.235739 1
0.184097 4
5.962595 11
0.001887 29
0.001490 2
0.000194 13
0.000078 2
0.000100 9
0.000061 2
0.000076 16
0.000179 23
0.000354 16
0.000059 14
0.000033 15
0.000234 15
0.000191 11
0.000075 2
0.000131 30
0.000047 23
0.000106 16
0.000008 15
0.000505 83
0.000090 8
0.000059 90
21.734301 34
2.681899 1
0.502044 1
0.027904 1
0.030141 1
0.031248 1
0.032604 1
0.029341 1
0.028025 1
0.030672 1
0.033297 1
0.029174 1
0.040535 1
0.023390 1
0.030801 1
0.032662 1
0.029442 1
0.028393 1
0.030642 1
0.154176 1
0.210832 1
0.174996 1
0.175650 1
0.182325 1
0.189913 1
0.168341 1
0.175438 1
0.158326 1
0.174076 1
0.951482 5
0.091476 5
1.057056 3
0.331752 3
0.398243 3
0.317769 3
0.501022 3
0.030121 3
0.029744 3
0.030509 3
0.032472 3
0.031866 3
0.027262 3
0.030050 3
0.030662 3
0.034248 3
0.030235 3
0.027390 3
0.031012 3
0.031997 3
0.028684 3
0.030620 3
0.029355 3
0.031920 3
0.032092 3
0.032395 3
0.162780 3
0.203630 3
0.181935 3
0.526012 7
0.499901 7
0.031716 7
0.027775 7
0.030705 7
0.033677 7
0.032119 4
0.028424 7
0.028254 7
0.030090 7
0.032045 7
0.032280 7
0.027922 7
0.030123 4
0.030751 7
0.033992 7
0.028297 7
0.131525 7
0.167586 7
0.182442 7
3.837796 3
0.101273 3
1.730547 5
1.367756 3
0.612680 3
1.716913 3
0.454626 3
0.142795 3
0.125337 3
0.343238 3
0.318438 3
0.388334 3
0.276386 3
2.185439 3
1.304054 3
0.153934 3
0.377853 3
3.214624 5
0.351432 3
0.806018 3
1.023938 3
0.284241 3
1.042644 205
0.762593 3
0.244669 3
0.806655 3
0.187640 10
2.195141 3
1.197599 3
0.284397 3
0.254840 11
2.700188 11
0.004175 8
0.000337 90
4.420739 60
0.166987 144
0.000058 238
0.446036 84
0.408698 142
0.000396 240
2.076045 4
0.504413 4
0.026027 4
0.030540 4
0.030086 4
0.031386 4
0.029659 4
0.029047 4
0.029939 4
0.032553 4
0.027858 4
0.160842 4
0.190042 4
0.172030 4
0.166510 4
0.233001 4
0.188094 4
0.184229 4
0.177877 4
0.172193 4
0.176577 4
0.651911 1
0.937562 1
1.137603 1
0.160363 1
1.562611 1
1.820285 1
0.127302 1
0.191542 9
2.385738 1
1.125321 11
3.533632 2
0.000296 9
0.004076 85
0.000104 2
0.000054 35
0.000225 15
0.000074 2
0.000117 13
0.000075 2
0.000203 9
0.001226 59
0.000225 8
0.000088 90
46.477975 41
0.168797 164
0.165224 142
0.000369 240
0.175960 60
0.185529 80
0.163661 209
0.179976 156
0.000572 193
0.162106 36
0.161809 347
0.191809 35
0.155799 49
0.164043 29
0.380558 33
0.423616 29
0.288938 33
0.155699 49
4.214230 2
0.000054 9
0.019689 48
0.000135 2
0.083729 329
0.098867 78
0.000349 2
0.000139 17
0.000096 2
0.000056 21
0.000034 2
0.000064 162
0.000038 2
0.003956 45
0.000080 2
0.047581 8
0.000121 122
2.684331 1
0.127027 1
0.187941 1
3.216558 1
0.286098 1
1.049663 1
0.149716 1
0.700861 1
0.354934 1
0.145962 1
0.144379 1
0.365897 1
0.278002 1
0.117983 1
0.272414 1
0.887491 11
0.211030 91
0.000039 184
0.000057 44
0.005310 2
0.018534 8
0.000127 122
1.742152 15
0.314576 1
0.500345 1
0.032286 1
0.028904 1
0.029466 1
0.030320 1
0.031185 1
0.030450 1
0.029596 1
0.030320 1
0.031746 1
0.030348 1
0.028238 1
0.031126 1
0.030194 1
0.032810 1
0.034759 1
0.023261 1
0.029997 1
0.032343 1
0.382196 5
0.832475 5
0.178912 5
0.212668 9
0.974400 5
0.641140 11
0.103262 48
0.000042 2
0.085428 77
0.004301 252
0.112381 78
0.002249 2
0.000059 17
0.000143 2
0.000054 21
0.000038 2
0.000216 162
0.000040 2
0.000311 45
0.000149 2
0.056659 8
0.000305 122
38.323893 1
0.376305 1
0.211956 1
0.212036 1
0.304704 1
0.788925 1
0.317974 1
0.549895 1
0.159710 1
0.149756 1
4.649168 1
0.337243 1
0.457039 1
0.936710 1
0.140044 1
1.484725 1
0.659849 1
0.253377 1
0.457934 1
0.163788 8
2.908293 1
0.473656 1
0.230511 9
2.306137 1
1.329715 1
0.409802 1
0.735233 1
0.773470 1
0.173490 1
0.568056 1
1.428299 1
0.321480 10
1.707022 1
0.205427 11
2.236424 1
0.282802 1
1.358357 1
0.482918 1
0.326431 1
1.489034 1
0.121741 1
0.139501 1
5.538625 2
0.000834 9
0.001750 8
0.000105 122
50.465548 1
0.402450 1
0.162075 1
0.181748 1
0.407565 1
0.757868 1
0.078138 1
2.468554 1
0.137406 1
0.670911 1
0.807855 1
0.123029 1
0.474678 1
0.388399 1
0.265722 1
0.555646 1
0.105983 1
0.127918 1
1.804914 2
0.000038 9
0.001705 61
0.000080 2
0.000433 8
0.000085 122
17.545244 1
0.294240 1
0.297999 1
0.218098 1
0.450622 17
0.004954 8
0.000191 122
2.829858 1
0.815891 1
0.365185 1
0.533082 1
0.225721 15
0.000867 2
0.004189 8
0.001040 90
7.427742 1
0.250588 1
1.036237 1
0.122766 1
1.258572 1
0.431633 1
0.104628 10
2.329294 1
0.147847 11
5.245261 4
0.500608 4
0.031404 4
0.028712 4
0.030594 4
0.030396 4
0.030918 4
0.033105 4
0.029776 4
0.028700 4
0.030161 4
0.032616 4
0.031438 4
0.029228 4
0.030786 4
0.031201 4
0.030607 4
0.032184 4
0.030453 4
0.028363 4
0.029650 4
0.032451 4
0.027755 4
0.030043 4
0.031013 4
0.031472 4
0.031036 4
0.029632 4
0.030218 1
0.030934 1
0.030394 1
0.030150 1
0.030136 1
0.030996 1
0.882350 1
1.352482 1
0.137149 1
0.236025 1
0.419825 1
1.752110 1
0.111854 1
0.893602 1
0.928630 1
0.139204 1
0.258813 1
0.368361 1
1.987616 1
0.649845 1
1.694239 1
1.529289 1
0.815106 1
0.095876 1
1.038224 1
1.387200 1
0.848961 1
0.173997 1
0.117205 1
1.934911 11
0.002050 426
0.000718 8
0.000069 90
27.976588 1
1.634078 1
0.115710 1
0.210172 1
0.666488 1
0.704834 1
0.625277 1
1.245320 1
0.324681 1
0.609432 1
0.218252 1
1.071897 1
0.293761 1
0.712952 1
0.951598 1
0.157583 1
1.714073 1
0.918878 1
0.119540 10
2.188814 11
0.062523 8
0.000064 90
15.290276 1
0.265792 1
0.226082 1
0.196034 1
0.593002 17
0.015276 80
2.301807 1
0.280795 1
0.322900 1
0.262060 1
0.632955 17
