0.011516 90
21.537299 1
0.045564 1
1.646157 1
1.564064 1
1.308015 1
0.134030 1
1.143929 1
0.184121 1
0.531955 1
0.233889 1
0.300254 1
0.089486 1
0.994384 11
0.049291 25
0.031523 1034
0.000018 1793
16.528968 33
0.000079 146
0.000005 186
0.000025 113
0.027689 377
0.000042 80
0.035850 382
0.000014 78
1.294242 33
0.000012 37
0.000085 203
0.000031 2
0.000009 109
0.000025 3
0.000021 2
0.000009 76
0.020762 33
0.000012 38
0.000121 2
0.000018 316
0.000009 78
0.022535 290
0.000017 111
0.000012 3
0.000005 78
0.012528 33
0.000015 36
0.000013 2
0.000014 76
0.000021 33
0.000022 31
0.000076 2
0.000007 109
0.000016 3
0.000013 2
0.000006 76
0.021344 33
0.000010 39
0.000013 2
0.000050 109
0.000026 89
0.000011 2
0.000012 76
0.000019 33
0.000019 3
0.000011 2
0.000013 76
6.936924 33
0.000012 34
0.000031 2
0.000008 120
0.000024 8
0.000029 2
0.000029 120
0.000008 159
0.000013 2
0.000014 87
0.049434 33
0.000012 174
0.000015 2
0.000027 87
0.000067 33
0.000010 8
0.000013 2
0.000015 87
0.000023 33
0.000032 177
0.000013 2
0.000014 87
0.184676 33
0.000052 162
0.000122 314
0.000008 122
0.000035 186
0.000014 2
0.000014 87
0.517519 226
0.000023 2
0.000015 120
0.000019 8
0.000006 122
0.000022 72
0.000011 2
0.000014 87
0.041875 33
0.000010 167
0.000013 2
0.000023 87
0.000007 33
0.000029 187
0.000011 2
0.000012 87
0.000018 33
0.000021 32
0.000011 2
0.000011 87
0.049966 33
0.000015 8
0.000025 2
0.000047 119
0.000008 189
0.000013 2
0.000012 86
0.000017 33
0.000074 237
0.000011 2
0.000011 86
0.041607 33
0.000011 59
0.000014 2
0.000027 119
0.000022 8
0.000016 2
0.000064 86
0.000016 149
0.000007 86
0.099116 33
0.000013 32
0.000033 2
0.000008 119
0.000024 8
0.000029 2
0.000030 119
0.000008 122
0.000015 2
0.000018 86
1.141256 33
0.000270 36
0.000021 409
0.021719 457
0.021350 33
0.000036 38
0.000026 77
0.000020 33
0.000007 88
0.000014 2
0.000015 75
0.000014 33
0.000010 3
0.000009 78
0.027489 70
0.000018 2
0.000023 76
0.000006 33
0.000021 92
0.000010 2
0.000021 109
0.000016 3
0.000015 2
0.000006 76
0.028268 33
0.000011 38
0.000028 2
0.000024 109
0.000007 93
0.000013 2
0.000025 109
0.000020 3
0.000018 2
0.000007 76
0.035144 401
0.000013 81
0.283707 33
0.000038 36
0.000015 2
0.000026 76
0.000008 33
0.000025 31
0.000028 2
0.000007 109
0.000021 3
0.000019 2
0.000007 76
0.020896 72
0.000044 111
0.000006 89
0.000014 2
0.000015 76
0.000014 33
0.000010 3
0.000009 78
0.014053 33
0.000032 293
0.000008 81
0.012887 473
0.014440 33
0.000011 89
0.000017 33
0.000055 211
0.008724 33
0.000046 89
0.000022 33
0.000017 89
0.000039 122
0.013102 366
0.014419 33
0.000049 244
0.000007 89
0.035768 244
0.000011 122
0.233396 33
0.000036 41
0.000012 2
0.000012 94
0.000018 33
0.000018 8
0.000011 2
0.000011 94
0.000018 33
0.000026 113
0.000011 2
0.000011 94
0.016055 33
0.000040 439
0.013440 321
0.000042 407
0.007921 33
0.000183 885
0.008993 33
0.000043 315
0.000040 193
0.000012 2
0.000026 94
0.000049 33
0.000040 104
0.013991 234
0.000048 579
0.009606 194
0.000026 136
0.000011 284
0.013556 398
0.000010 290
0.012512 538
0.080442 370
0.000074 119
0.030358 357
0.060866 357
0.142439 714
0.010615 238
0.000014 119
0.010296 357
0.010147 357
0.010727 33
0.000022 205
0.000019 33
0.000018 86
0.000018 33
0.000018 86
0.000007 33
0.000022 86
0.000022 33
0.000021 86
0.009507 33
0.000011 86
0.000023 33
0.000022 86
0.000058 33
0.000026 86
0.010469 33
0.000117 86
0.000011 33
0.000026 86
0.000024 33
0.000021 86
0.010684 33
0.000032 86
0.000019 33
0.000018 86
0.000017 33
0.000017 86
0.000016 33
0.000017 86
0.000017 33
0.000016 86
0.000017 33
0.000016 86
0.011838 33
0.000037 86
0.000017 33
0.000016 86
0.000016 33
0.000015 86
0.010192 33
0.000086 86
0.000062 33
0.000024 86
0.000021 33
0.000011 86
0.027162 33
0.000024 86
0.000008 33
0.000024 86
0.000024 33
0.000161 86
0.015776 357
0.016449 595
0.000011 119
0.017657 152
0.000008 119
0.000024 86
0.012075 357
0.016774 357
0.015336 119
0.000036 238
0.016253 357
0.016441 357
0.016136 33
0.000008 86
0.000051 152
0.000048 86
0.016318 119
0.000035 238
0.028843 271
0.000017 86
0.032736 357
0.044922 357
18.515602 17
0.000010 101
0.000022 33
0.000028 36
0.000011 2
0.000011 82
0.000019 33
0.000082 193
0.028843 153
0.000010 154
0.000084 171
0.028050 480
0.083010 191
0.000011 2
0.000063 116
0.000038 177
0.504161 33
0.000067 88
0.000010 367
0.021050 36
0.000073 275
0.000008 192
0.014412 424
0.010161 121
0.000025 33
0.000055 331
0.012514 428
0.012598 271
0.000018 87
0.000028 123
0.015705 277
0.000082 89
0.012051 33
0.000033 122
0.000031 211
0.015152 122
0.000010 244
0.038320 33
0.000119 333
0.048486 244
0.000085 33
0.000044 89
0.046119 277
0.000015 89
0.304931 74
0.000059 129
0.000017 104
0.000020 33
0.000006 113
0.000015 2
0.000008 94
0.010153 76
0.000034 2
0.000008 127
0.000027 34
0.000012 2
0.000025 94
0.000019 33
0.000007 8
0.000018 2
0.000007 94
0.012617 33
0.000045 695
0.007131 33
0.000010 177
0.000010 2
0.000010 94
0.000018 33
0.000062 162
0.000049 417
0.013154 33
0.000029 315
0.000020 426
0.012961 530
0.000009 283
0.008870 330
0.000010 284
0.015405 688
0.009627 538
1.580008 28
0.001267 90
7.036179 1
0.047754 1
0.186156 1
0.169944 1
1.684053 1
0.254128 1
0.343883 1
0.561773 1
0.114453 1
0.201784 1
2.057947 11
0.027563 25
0.022773 1038
0.000016 1003
5.450741 33
0.000013 33
0.000016 2
0.000014 73
0.000054 33
0.000024 33
0.000071 487
0.000051 135
0.913134 176
0.000013 127
0.000034 131
0.015134 299
0.000011 201
0.020281 331
0.016208 330
0.018958 33
0.000019 77
0.000014 33
0.000052 77
0.000008 110
0.097922 33
0.000028 77
0.000021 33
0.000020 77
0.000008 33
0.000024 77
0.048750 33
0.000023 77
0.000017 33
0.000019 77
0.000100 33
0.000012 77
1.580746 33
0.000024 78
0.000019 33
0.000018 77
0.000008 33
0.000021 77
0.028925 330
0.055836 330
0.068810 253
0.000050 77
19.191696 28
0.001322 90
2.344808 1
0.137609 1
1.004092 1
1.620112 1
0.123696 1
0.484091 1
2.803286 1
0.183929 1
0.181806 1
0.351141 7
0.234881 3
0.218132 3
0.192042 3
0.846894 1
0.122602 1
0.179335 1
122.462501 11
0.026921 25
0.026060 1102
18.583574 28
0.001490 8
0.000025 82
23.940356 1
0.199994 1
0.421826 1
0.112035 1
0.053893 1
0.880011 4
0.159975 4
0.165822 4
0.536281 1
0.159963 1
0.048015 1
1.934017 1
0.337971 1
0.199957 1
0.204155 1
1.693912 1
0.306108 1
0.175907 1
1.727855 1
0.424109 1
0.430123 1
0.361820 1
0.440123 1
0.329911 1
0.375885 1
0.281999 1
1.882111 11
0.014038 42
3.848044 2
0.161852 90
17.006308 1
0.365907 1
0.133865 1
0.178095 1
1.052048 1
0.358110 6
1.965836 11
0.016589 14
6.595362 2
0.000112 18
3.458361 61
0.000441 90
3.094597 11
0.824560 11
0.005611 14
6.026340 2
0.000109 18
3.382169 61
0.000429 90
9.130977 11
2.296312 11
0.005834 14
7.418332 2
0.000111 18
3.267132 61
0.000420 90
1.214420 1
0.983920 4
0.581156 11
0.894960 11
0.005791 14
7.208204 2
0.000117 18
3.187441 61
0.000452 90
17.795090 11
0.684900 11
0.006168 14
0.471891 2
0.000087 18
3.167706 61
0.000379 8
0.000010 82
105.633266 11
0.686929 11
0.005776 14
4.118301 2
0.026919 16
15.495330 1
0.181763 1
0.131961 1
9.684105 1
0.421965 1
0.315939 1
0.664118 1
0.373956 1
0.117897 1
1.706207 1
0.643882 1
0.111995 1
0.530144 1
0.137951 1
0.204023 1
0.473724 1
0.548194 1
0.392071 1
0.342014 1
1.259911 11
0.000498 51
0.000222 16
1.914772 19
0.549837 1
0.195756 1
0.661001 1
0.040825 1
0.039624 1
0.039868 1
0.040785 1
0.450052 1
0.192090 1
0.237588 1
1.219161 21
0.961910 11
0.042235 67
0.000332 2
0.009290 53
4.995944 44
0.000048 7
0.004546 11
5.000986 57
5.001533 24
0.000057 31
0.000047 2
5.001222 11
0.000087 51
5.005460 48
0.000041 9
2.636514 2
1.051903 6
1.312498 26
0.000361 16
0.113025 1
0.864001 4
3.356135 1
0.226023 1
0.754039 4
0.167690 4
1.198210 1
0.540018 1
0.184103 1
0.130076 1
0.655905 11
0.000051 6
0.001412 90
8.088521 1
0.568093 1
0.321963 1
0.115618 1
0.088529 1
0.777628 1
0.130121 1
34.248226 11
0.033415 43
22.178877 1
0.181799 1
0.210036 1
0.181886 1
0.522302 1
0.125793 1
0.371924 1
0.103868 1
1.700234 1
0.638059 1
0.529926 1
0.603948 1
0.294000 1
0.178054 1
0.305989 1
0.093885 1
11.015043 1
0.660092 1
0.040102 1
0.039894 1
0.040059 1
0.040252 1
0.334123 1
0.189659 1
0.905111 17
0.249840 17
1.155388 1
0.179735 1
0.530844 5
1.443569 3
0.483828 3
1.521801 3
0.891140 15
0.415600 15
2.892119 11
0.002078 21
0.010390 91
0.000242 8
0.000341 35
11.615040 1
0.279828 1
0.248140 1
0.175917 1
0.608106 11
0.000059 6
0.002398 90
1.075393 1
0.332157 1
0.317763 1
0.132173 1
0.723940 11
0.000057 6
