0.069095 18
0.000553 10
0.004214 72
1.084261 4
0.460411 11
0.622594 8
0.315857 4
0.173382 15
0.656325 7
1.183000 4
0.228152 11
2.226495 15
0.178664 7
3.511571 1
0.075748 1
0.429817 1
0.718345 1
0.112910 1
0.651521 1
0.255395 8
8.325121 19
0.000882 94
3.346898 1
0.688749 1
0.103143 1
0.599165 1
0.161471 1
0.873076 1
0.617576 1
0.480480 1
0.219335 1
0.682199 1
167.474078 5
2.095335 1
0.697136 1
0.326343 6
2.004802 11
0.059552 8
0.000788 94
19.772680 1
0.129217 1
1.115810 1
0.864667 1
0.111739 1
0.634543 10
1.778422 1
0.395817 1
0.761524 1
0.116960 1
0.312990 5
2.637170 1
0.977392 4
0.363921 1
1.053604 1
0.112902 1
0.808405 1
1.134841 1
1.945789 1
0.267754 1
0.219594 1
0.163186 1
10.779225 11
0.020782 8
0.004622 94
29.659479 1
0.018608 1
1.388454 1
0.669374 1
0.094721 1
0.348044 1
0.588841 1
0.309285 1
0.265162 1
0.251105 1
4.032906 5
5.067972 1
0.141338 1
0.617085 1
0.582007 1
0.227928 1
0.278294 1
0.228172 1
1.648356 1
0.116402 1
0.190532 1
0.164562 1
0.778852 13
0.071209 9
0.528149 3
0.295330 3
0.169295 3
0.159344 3
1.730816 1
2.054662 1
0.112905 1
0.438071 1
2.944745 11
0.042316 8
0.002917 94
17.750553 26
0.271397 1
0.339369 3
2.010659 1
0.196186 1
0.175837 1
0.184209 1
0.173140 1
0.497623 1
0.033353 1
0.027395 1
0.030531 1
0.031671 1
0.029468 1
0.160349 1
0.589590 3
0.783019 27
0.188696 27
0.500034 27
0.030718 27
0.030179 27
0.034250 27
0.030413 27
0.032662 27
0.027993 27
0.034256 27
0.172731 27
0.179977 25
1.461272 3
0.490614 3
0.029839 3
0.034164 3
0.025444 3
0.032596 3
0.028545 3
0.028461 3
0.033505 3
0.037483 3
0.440879 3
0.196232 1
0.329857 1
0.373235 1
0.955137 1
0.488140 1
0.403483 1
0.904604 1
7.778677 1
0.718239 1
0.081909 1
1.705284 1
6.099258 2
0.000047 9
0.044325 102
18.533922 1
0.031927 1
0.978394 1
0.251687 1
0.115630 1
0.725593 1
2.267758 1
0.292333 1
0.574752 1
0.310566 1
0.263688 6
1.859033 2
0.000435 9
0.019260 13
0.000100 2
0.020972 77
0.000025 2
0.000029 74
0.000059 2
0.000064 68
0.000041 2
0.000059 83
0.000264 2
0.000030 71
0.001193 2
0.005845 8
0.001637 94
22.971581 1
0.551468 1
0.396047 1
0.079665 1
0.876578 17
