4.927318 18
0.001374 2
0.110104 8
0.000114 72
1.521783 1
0.031292 1
1.282662 1
0.134222 1
0.135266 1
0.535306 1
0.463414 1
1.206337 11
0.413141 37
4.868419 2
0.666047 8
0.001835 38
14.092907 1
0.776569 1
0.658430 1
0.620202 1
0.079735 1
1.835817 1
0.184534 1
1.001659 1
0.664675 1
0.156645 1
2.072349 1
0.915265 1
0.135683 1
0.692859 1
0.960540 1
0.130125 1
1.686821 1
0.200665 1
0.460741 1
0.098147 1
4.772559 1
2.387754 11
0.030319 8
0.000085 38
1.333012 1
0.064580 1
0.730435 1
0.784008 1
0.132021 1
0.518422 1
0.201698 1
7.208987 4
0.133757 4
0.180566 4
0.189586 4
0.679061 1
0.268709 1
1.196464 1
0.283653 1
0.584005 1
1.520193 1
0.235056 1
0.933889 1
0.086119 1
0.707799 1
0.132974 8
3.850200 85
17.354933 1
0.260765 1
0.749592 1
0.120240 1
0.213918 1
0.870426 1
0.478347 1
0.164926 1
0.366873 1
0.131692 1
0.093977 1
0.158896 1
0.649323 1
1.540040 1
0.129466 1
0.132192 1
3.577580 11
0.051054 8
0.002473 66
3.256683 1
0.294370 1
0.433665 1
0.134059 1
1.384787 1
0.753439 1
0.178657 1
0.198598 1
0.201824 1
0.370940 1
1.126826 1
0.147332 1
0.137953 1
0.408729 1
0.446446 1
0.358482 1
0.288823 1
0.195095 1
0.690596 4
1.012442 1
0.152790 1
0.318565 1
2.487134 11
0.191315 73
0.001886 2
0.013688 8
0.000130 66
6.129111 1
0.251159 1
0.854642 1
0.629735 1
0.143254 1
3.034429 1
2.135096 1
0.495698 1
0.870364 1
4.479025 1
0.123403 1
0.386004 1
0.160863 1
1.234994 1
0.694632 1
0.565017 1
0.220957 1
0.134257 1
0.083077 1
0.504299 1
1.215055 1
0.860793 1
0.108782 1
0.143854 1
2.497113 2
0.001222 9
0.030462 8
0.000131 66
34.646844 1
0.501701 1
0.210998 1
0.468803 1
3.515026 1
0.184972 1
0.413474 1
0.161917 1
1.185951 1
1.028269 1
0.434899 1
0.131284 1
0.145350 1
0.416112 1
0.443929 1
0.283188 1
0.313123 1
2.248058 11
0.509805 74
4.893198 1
0.252396 1
0.313146 1
0.184582 1
2.767125 1
0.885679 1
0.185772 1
0.249260 1
0.215280 1
0.536381 1
0.747070 1
0.167537 1
1.439183 1
0.352016 1
0.540707 1
0.580089 1
0.235662 1
0.203272 1
0.243410 1
0.177876 1
0.244072 1
2.504991 11
0.839454 8
0.000123 66
1.166433 1
0.156903 1
0.254211 1
0.161802 1
0.874055 1
0.589810 1
1.568371 1
0.148503 1
0.738494 1
0.324949 1
0.732397 1
1.298550 1
0.930201 1
0.414516 1
0.119890 1
0.167077 1
0.304960 1
0.353248 1
0.233753 1
0.233501 1
1.754772 1
0.297607 1
0.550836 1
0.398197 1
0.456481 1
0.148167 1
0.250239 1
0.111196 1
8.740128 2
0.000301 9
0.099877 74
0.602628 28
1.813644 1
0.940859 11
0.048233 8
0.000067 66
37.542454 1
0.464979 1
0.461911 1
0.098129 1
0.443668 1
1.484899 1
0.229951 1
0.710306 4
0.333895 1
0.327100 1
1.504090 4
1.077078 1
0.342242 1
0.159297 1
0.181635 1
0.266140 1
0.216455 1
0.217784 1
0.261304 1
0.828542 1
0.440473 1
0.224696 1
0.327362 1
0.132556 1
0.122439 1
0.146918 1
0.735030 1
0.418192 1
0.202535 1
0.178213 1
2.885253 11
0.026319 74
7.424947 1
0.019147 1
0.683318 1
0.225842 1
0.279538 1
1.571332 1
0.314505 1
0.281712 1
0.281508 1
0.138905 1
0.110856 1
0.147270 1
0.595129 1
0.583146 4
0.314340 1
0.479120 1
0.155896 1
0.136174 1
2.609125 11
0.118563 58
0.002721 2
0.003295 8
0.000666 66
20.136027 1
0.093709 1
0.944988 1
0.308536 1
0.492070 1
1.450030 1
0.583916 1
0.607691 1
1.633259 1
0.168058 1
0.320785 1
0.222489 1
0.288972 1
0.165493 1
0.072997 1
0.170098 1
0.706360 1
0.546084 1
0.146121 1
0.158294 1
2.743753 11
0.034090 8
0.000531 66
62.355229 1
0.935569 1
0.647399 1
0.123428 1
1.667615 1
0.422291 1
0.108266 1
0.890805 1
0.241604 1
0.151721 1
1.090205 1
0.262108 1
0.540926 1
0.108420 1
2.429209 1
2.951700 1
1.227949 1
0.705248 1
0.420911 1
0.147282 1
0.149291 1
0.982516 1
0.587569 1
0.309011 1
0.202942 1
0.732133 1
0.143994 1
1.261974 1
1.848755 11
0.002016 81
0.015874 127
8.807415 1
0.146366 1
0.680651 57
0.802300 2
0.353889 30
1.472937 11
0.003652 81
0.001022 8
0.000422 38
24.715896 28
0.348201 1
0.196314 1
0.150689 1
0.438763 1
0.198509 1
0.167717 1
0.189963 1
0.169451 1
0.192411 1
0.169013 1
0.346440 1
0.197714 1
0.750238 5
0.811514 11
0.000515 45
0.001296 2
0.000234 8
0.000080 38
7.036761 1
0.105956 1
0.548361 1
1.417150 1
0.321968 1
0.334464 1
0.231574 1
0.150351 1
0.100970 1
0.203424 1
0.397156 1
0.452541 1
0.144432 1
0.132402 1
1.485366 2
0.003313 9
1.233682 80
0.024838 103
0.026948 83
0.000344 1969
0.002781 59
0.024435 100
0.000133 15
0.004133 2048
0.000026 78
1.375157 21
0.000148 271
2.708076 30
0.599055 28
0.841592 36
0.183678 36
5.995961 31
0.551325 31
0.181830 31
0.785595 40
1.455323 31
0.674082 31
0.174483 31
0.726836 31
0.448426 32
0.898565 41
1.070709 31
0.600708 31
0.491078 31
0.199212 31
0.903870 40
0.995586 31
0.390091 31
0.334038 31
0.217353 31
0.788540 40
10.827948 31
1.102280 31
0.917007 31
0.222919 31
3.068193 40
2.972172 31
0.430673 31
0.384038 31
0.332392 31
0.629519 40
13.677398 31
0.918911 31
0.180951 31
0.582623 31
1.816175 40
0.841158 31
0.299948 31
0.594626 31
0.119316 31
38.294922 40
0.641096 31
2.279638 38
0.467150 31
0.547817 31
0.149009 31
0.613769 42
4.778941 32
0.674702 32
0.462334 32
0.272665 32
5.997473 40
0.101032 17
0.005761 110
1.042231 55
0.866126 55
0.133427 54
43.530349 55
2.654557 47
1.474280 1
0.161890 1
0.518696 33
0.027307 135
0.017951 14
0.001291 62
0.025130 8
0.000063 38
31.936512 14
0.177435 41
0.450421 53
0.228493 57
0.369471 30
0.476855 76
0.612668 80
0.380367 76
0.201688 94
0.426891 69
0.452302 81
0.337637 4
0.309246 77
0.376528 73
0.433103 41
0.448645 76
0.585211 72
0.582465 35
2.376243 85
1.891865 19
0.355523 37
0.536037 41
0.456125 53
0.979606 1
0.493429 1
0.033329 1
0.031961 1
0.031096 1
0.026044 1
0.032264 1
0.033279 1
0.032425 1
0.027969 1
0.187226 1
0.278320 1
0.657468 5
0.498180 5
0.032221 5
0.033672 5
0.030676 5
0.036074 5
0.027960 5
0.031755 5
0.031096 5
0.041759 5
0.014858 5
0.035831 5
0.032337 5
0.028395 5
0.037946 5
0.023109 5
0.024113 1
0.061490 1
0.003170 1
0.026558 1
0.030956 1
0.043318 1
0.022377 1
0.034052 1
0.030020 1
0.605536 11
0.396795 2
2.503694 1
0.129822 1
1.655977 4
0.181119 4
0.931915 3
0.498633 3
0.031094 6
0.030864 3
0.033704 3
0.029163 6
0.142703 3
1.553387 1
0.156048 1
1.856588 1
0.471272 1
0.277706 1
0.353525 1
0.141059 1
0.131192 1
0.197158 1
0.582203 1
0.599121 1
0.192519 1
0.127803 1
1.808304 2
0.000415 7
0.000083 14
0.000043 2
0.000288 2
22.322421 2
1.436918 6
1.164103 2
1.158150 6
0.625978 1
1.303299 6
1.296819 2
0.571204 6
1.012877 1
0.771275 1
0.867025 1
0.107446 1
2.089816 3
0.224613 3
0.197546 3
0.172417 3
32.440911 1
0.292251 1
0.331981 1
0.265764 1
0.821410 2
0.003040 8
0.000740 66
55.686553 1
0.186784 1
0.436102 1
0.980189 1
0.101829 1
0.788206 1
0.792409 1
0.785963 1
0.189091 1
1.352013 1
0.401654 1
0.296168 1
0.330396 1
0.140978 1
0.098623 1
0.210099 1
0.251616 1
0.708666 4
0.359493 1
0.455847 1
0.180962 1
0.125985 1
1.840405 11
0.001749 8
0.000098 66
6.241102 1
0.631036 1
0.177930 1
0.257543 1
0.277535 1
2.813418 91
2.554800 1
0.124393 1
0.277796 1
0.646909 1
0.503604 1
0.187456 1
1.280323 1
0.230747 1
0.341798 1
0.139977 1
0.161758 1
0.126191 1
1.072349 1
0.477313 1
0.223340 1
0.142647 1
2.027719 2
0.000500 9
0.004869 60
0.000183 8
0.000101 66
34.977855 1
0.439302 1
0.143611 1
0.239432 1
0.377051 1
0.723551 4
0.349406 1
0.121789 1
1.936237 1
0.290720 1
0.320506 1
0.567520 1
0.754303 85
41.315488 1
0.321390 1
0.301163 1
0.265200 1
0.210237 1
16.704024 1
1.116558 1
0.112911 1
0.193830 1
1.356757 1
0.142150 1
0.274086 1
0.316458 1
1.488968 1
0.853290 1
0.108741 1
0.152472 1
1.644025 11
0.292978 74
1.589400 1
0.187503 1
1.018494 1
0.419691 1
0.080155 1
1.874358 1
0.642035 1
0.209161 1
0.713173 1
0.135919 1
1.763904 1
0.495919 1
0.068434 1
5.430074 11
0.289810 8
0.000346 66
0.761992 1
0.143181 1
0.495518 1
0.219239 1
1.550012 1
1.214244 11
0.062133 12
0.000038 2
0.028677 203
0.000310 8
0.000170 66
21.553527 1
0.366724 1
0.103748 1
0.238982 1
0.612473 1
0.097816 1
1.399980 1
0.151290 1
0.177784 1
0.573959 1
3.464145 2
0.000054 9
0.000284 74
59.269010 1
0.131497 1
0.232997 1
0.186954 1
0.632874 1
0.166460 1
1.089892 1
0.100886 1
2.208748 1
0.972686 1
0.198932 1
0.228930 1
6.335468 11
0.019326 74
1.740743 1
0.387633 1
0.364592 1
1.707227 1
0.097814 1
0.214301 1
1.307829 1
0.213876 1
0.173233 1
2.368068 1
1.502605 1
0.128775 1
0.755360 1
0.752390 1
0.177978 1
0.127578 1
0.969004 11
0.023155 8
0.000131 66
1.033532 16
0.459223 1
0.229894 1
0.178288 1
0.838477 3
0.225340 44
0.502425 1
0.170130 1
0.167606 1
0.246029 1
1.323848 13
0.107842 9
3.182242 11
0.011929 74
0.862277 12
0.700608 28
1.287110 1
0.168236 1
0.166069 1
0.163878 1
1.924940 13
0.108934 9
1.006400 1
0.177975 1
0.149183 1
0.850006 19
0.164960 19
0.228119 19
1.043735 15
0.136688 15
0.150858 15
3.058834 2
0.000058 9
0.003206 8
0.000083 66
0.721825 16
0.491284 46
0.360113 1
0.188651 1
0.172048 1
0.160090 1
0.943383 13
0.080864 9
1.017825 11
0.022249 74
0.337121 12
0.389191 28
0.694821 1
0.166911 1
0.167778 1
0.156453 1
0.777808 13
0.101822 9
1.349454 1
0.176534 1
0.157724 1
0.940109 19
0.183790 19
0.483020 19
0.614746 15
0.346194 15
0.134202 15
51.970299 11
0.019840 74
2.092722 16
0.283794 46
0.284499 1
0.225202 1
0.186224 1
0.131759 1
0.901150 13
0.087781 9
1.408416 11
0.007058 74
0.611822 12
0.165204 28
0.300414 1
0.182152 1
0.167811 1
0.169753 1
0.731007 13
0.054653 9
0.654956 1
0.199604 1
0.157072 1
1.388914 19
0.136835 19
0.163012 19
0.831194 15
0.439648 15
0.089812 15
4.421314 11
0.003661 74
38.775736 16
1.066578 46
0.477194 1
0.248009 1
0.372295 1
0.307801 1
1.294507 13
0.130690 9
0.173377 9
1.930502 13
0.155164 13
2.000542 9
4.481967 2
0.005536 9
0.004555 8
0.000092 66
0.655945 12
0.201179 28
0.385841 1
0.780789 3
0.444045 1
0.174156 1
0.333034 1
0.262585 1
0.909945 13
0.078846 9
0.551089 1
0.184200 1
0.205854 1
0.621750 19
0.139136 19
0.157848 19
2.274976 15
2.219108 15
2.070464 15
0.426748 15
0.347726 15
1.436576 19
0.161968 19
0.175082 19
0.945390 15
0.610693 15
0.226024 15
2.260565 15
1.866673 15
0.714153 15
1.502958 15
1.282111 15
1.324390 15
5.407275 11
0.009550 74
0.488656 24
0.357366 55
0.834533 1
0.185808 1
0.137085 1
0.143995 1
1.350339 13
0.072410 9
0.893150 11
0.016738 74
0.450306 12
0.178226 36
0.478224 1
0.211645 1
0.174349 1
0.157671 1
0.915786 13
0.106097 9
1.134531 1
0.189493 1
0.177956 1
0.190805 1
0.176561 1
0.171828 1
0.166389 1
0.163788 1
0.181764 1
0.642163 5
2.193858 3
0.172414 3
0.153756 3
0.730148 5
1.669756 3
0.181721 3
0.187683 3
0.720437 15
0.280709 15
0.340459 15
3.387010 11
0.004984 8
0.000358 66
0.605527 27
0.145898 58
0.421838 1
0.181621 1
0.170983 1
0.161023 1
1.117318 13
0.038092 9
1.031525 11
0.006280 74
0.362672 12
0.198132 39
0.694662 1
0.158358 1
0.186065 1
0.154731 1
0.956142 13
0.073731 9
6.064700 1
0.099627 1
0.175572 1
0.186491 1
0.180031 1
0.182186 1
0.163850 1
0.175884 1
0.167923 1
0.175724 1
0.160009 1
0.160415 1
0.163500 1
0.196431 1
0.793782 5
0.816702 3
0.132339 5
3.563844 3
0.203057 3
0.192826 3
0.176451 3
0.963851 5
3.569157 3
0.200055 3
0.183932 3
0.183962 3
0.184412 3
0.155632 3
0.631399 19
0.141643 19
5.048883 11
0.007241 74
0.540538 24
0.168031 55
0.892331 1
0.152023 1
0.166099 1
0.143751 1
0.877831 13
0.101180 9
3.495293 2
0.000086 9
0.017374 8
0.000847 66
0.393797 12
0.246224 36
0.278612 1
0.202503 1
0.182185 1
0.197026 1
0.193046 1
0.210327 1
0.156305 1
0.180650 1
0.179714 1
0.172374 1
0.170826 1
0.165781 1
0.166051 1
0.150139 1
0.617205 5
1.414934 3
0.173581 3
0.187347 3
0.181737 3
0.312555 3
0.169944 3
0.186879 3
0.619085 1
0.183951 1
0.188397 1
0.170294 1
0.808521 5
0.367382 5
0.319846 5
0.263012 3
0.183755 3
1.277855 3
0.934499 3
0.908728 19
0.068118 15
1.882626 3
0.191900 3
2.839010 3
1.072500 13
0.102421 9
1.863716 11
0.006266 8
0.000810 66
248.122453 1
0.131017 1
0.241296 1
0.698626 1
0.449997 1
0.098945 1
3.597602 1
0.113244 1
0.625083 1
0.795721 1
0.121684 1
0.124004 1
2.626027 2
0.000918 9
0.270150 8
0.000308 66
1.726859 1
0.328729 1
0.933729 1
0.708299 1
0.090045 1
1.543051 1
2.206408 1
0.168369 1
2.265692 1
0.994741 1
1.345167 1
2.971666 5
0.000084 1
0.009925 1
0.033387 1
1.016128 4
0.161736 4
0.322131 4
4.368866 11
0.030925 74
1.086351 15
0.193316 45
0.450985 1
0.192030 1
0.164952 1
0.164042 1
1.471190 13
0.510679 9
0.160992 9
0.865105 2
0.000746 9
0.005806 74
0.325205 13
0.160011 28
0.304410 1
0.205886 1
0.184026 1
0.557357 1
0.847655 13
0.148303 9
0.175840 9
0.869578 1
0.160073 1
0.157270 1
0.177719 1
1.267501 21
0.152753 21
1.348627 17
0.407541 17
0.103853 17
4.619585 11
0.002052 8
0.000175 66
1.508234 17
0.474440 50
0.594158 1
0.179347 1
0.191345 1
0.140930 1
2.051510 13
0.101612 9
1.344703 11
0.007543 8
0.000122 66
0.277799 13
0.171892 30
0.390483 1
0.155412 1
0.174783 1
0.179963 1
0.171897 1
0.174855 1
0.186821 1
0.337970 1
1.027885 21
0.143488 21
0.283240 21
0.364603 17
0.392166 17
0.201212 17
1.519954 3
0.072910 3
1.255999 3
0.408910 3
0.504209 13
0.115821 9
2.159224 11
0.006023 74
208.131038 1
0.037306 1
0.567457 1
0.201916 1
2.208519 1
0.135703 1
1.429177 1
0.144892 1
0.584869 1
1.261677 1
0.870888 4
0.357106 1
0.767728 1
0.467940 1
0.144045 1
2.748986 1
3.078230 1
0.302311 1
0.754948 1
0.648442 4
0.305001 1
0.118372 4
1.890986 1
0.494969 1
0.418298 1
0.130882 1
0.741048 4
0.655862 1
0.132944 4
1.836509 1
0.436965 1
0.623544 1
0.170795 4
1.480363 1
0.301261 1
0.579707 1
0.122929 4
0.961056 1
0.516141 1
0.676033 1
0.149250 4
0.901067 3
0.377419 1
0.600012 1
0.152872 4
0.805541 1
0.499069 1
0.493924 1
0.150493 4
0.701804 1
0.517402 1
0.537205 1
0.138362 4
0.610940 1
0.545684 1
0.170250 1
0.389271 1
0.388759 4
3.709582 1
0.347188 1
0.154934 1
1.137469 1
0.538159 1
0.181211 1
0.229700 1
4.667799 11
0.098246 64
0.000821 2
0.000564 60
0.014827 551
0.000038 74
27.164476 1
0.591967 1
0.493869 1
0.122275 1
0.486677 1
1.536865 1
0.476248 1
1.702372 1
0.409723 1
0.137030 1
0.128069 1
0.316001 1
0.253910 1
0.145445 1
0.247876 1
1.351884 1
0.321226 1
0.225616 1
0.730794 1
0.173936 1
0.361971 1
0.646799 1
0.065123 1
1.642774 2
0.002775 9
0.030978 8
0.000111 66
0.916148 1
0.646132 1
0.535111 1
0.654755 1
0.060851 1
1.642287 1
0.931431 1
1.760124 1
0.976464 1
1.234120 1
0.417932 1
0.321923 1
0.605088 1
0.109039 5
1.947836 2
0.000049 9
0.002164 8
0.000143 66
16.493955 1
0.269944 1
0.117877 1
0.522075 1
0.712712 1
0.382391 6
2.210211 1
2.722346 11
0.559036 2
0.605807 1
0.067368 1
1.032391 1
0.611303 1
0.176525 1
0.578108 1
0.154588 1
0.353330 1
0.384061 1
0.109640 1
1.708473 4
0.998147 1
0.479409 1
0.686096 1
0.212077 1
0.174357 1
1.670441 1
2.790824 1
0.085176 1
0.951783 1
0.430227 1
0.218954 1
0.370292 1
0.101144 1
0.386686 1
0.516496 1
0.257701 1
0.154832 1
4.901956 2
0.007532 7
0.000157 20
0.892339 1
0.912843 1
0.616857 1
0.350724 1
0.130467 1
0.622914 3
0.059090 1
1.628314 1
0.534086 1
0.435736 1
0.184495 1
0.628237 1
0.377510 1
0.240471 1
3.073660 2
0.000274 27
0.902638 1
24.307405 1
0.445855 1
0.255955 1
1.116647 1
2.157853 26
317.962821 1
0.213388 1
0.556439 1
0.094204 1
0.666568 2
0.000539 8
0.000094 66
1.639535 11
1.309562 1
0.152224 1
0.161191 1
0.153470 1
0.149558 1
0.148127 1
0.154972 1
0.154734 1
0.134042 1
0.636133 3
0.462271 17
0.374568 17
0.143950 17
4.623837 11
0.131931 4
0.002136 95
0.015084 56
0.000094 2
0.004038 9
0.000066 13
0.000065 2
0.000175 12
0.000089 16
0.000040 2
0.076443 53
0.023286 57
0.000648 57
0.000677 2
6.527624 4
0.374625 4
0.293967 4
0.553386 3
0.500393 3
0.031136 6
0.031560 3
0.032865 3
0.029628 6
0.028465 3
0.032535 3
0.032062 6
2.993350 1
1.546046 1
0.250036 1
1.813869 1
0.500781 1
0.588704 1
0.156707 1
0.275435 1
0.363421 1
0.144780 1
1.159538 4
0.151656 4
0.158120 4
0.170032 4
0.604844 3
0.500920 3
0.031441 6
0.032782 3
0.027510 3
0.030170 6
0.032398 3
0.029427 3
0.029204 6
0.032723 3
0.026285 3
0.030873 6
0.032277 3
0.028559 3
0.029299 3
0.032379 3
0.125722 3
0.160119 3
0.324609 3
0.577378 1
0.230031 1
0.488016 1
0.099934 1
1.668099 1
0.282228 1
0.116678 1
1.437253 4
2.279387 1
0.977294 1
0.217069 1
0.292267 1
0.254059 1
1.073119 1
0.490560 1
0.222737 1
0.337308 1
0.623026 1
0.227084 1
0.261883 1
0.129585 1
0.380854 1
0.373606 1
0.102305 1
0.135726 1
0.676987 30
2.581031 1
0.676319 1
0.235575 1
0.379801 1
0.615062 2
0.002525 74
25.916033 14
0.708050 1
0.172148 1
0.181541 1
0.179862 1
0.164641 1
0.155521 1
0.160291 1
0.155652 1
0.145983 1
0.713579 23
3.665738 2
0.000689 9
0.021824 4
0.001345 153
0.002020 9
0.000094 13
0.000038 2
0.000196 12
0.000421 16
0.000058 2
0.009403 53
0.001560 57
0.001404 57
0.000187 2
3.197863 4
0.984248 3
0.162237 3
0.163617 6
4.620002 1
0.228719 1
0.972610 1
0.123128 1
0.164488 1
2.342378 1
0.517193 1
0.197347 1
0.206797 1
0.615225 1
0.269303 1
0.224054 1
0.159304 1
0.810723 1
0.704737 1
0.162450 1
0.280495 1
0.578115 2
0.000558 28
13.313074 1
1.292269 1
0.218087 1
0.266016 1
0.671581 1
0.851689 1
0.236536 1
0.740620 1
0.138277 1
0.226945 1
8.884247 1
1.555466 1
0.125895 1
1.684582 1
0.803556 1
0.224482 1
0.247664 1
0.142103 1
0.448349 1
0.431356 1
0.109335 1
0.128757 1
0.581340 2
0.056995 12
0.000461 66
0.000250 38
0.000160 2
4.579356 1
0.182559 1
0.183921 1
1.899657 1
1.120900 1
0.529264 1
1.311668 1
0.177784 1
0.281981 1
0.600162 1
0.829038 1
0.193244 1
0.517402 1
0.184286 1
0.483966 1
1.700106 1
1.302919 1
0.200798 1
0.402067 1
0.480221 1
0.279771 1
0.237799 1
0.166074 1
0.180162 1
0.843692 1
0.138242 1
0.139564 1
0.565013 29
4.250127 1
0.289975 1
0.189446 1
0.255833 1
0.656795 2
0.002811 8
0.000090 66
72.221100 1
0.043220 1
1.230154 1
0.414852 1
0.609885 1
0.085187 1
4.759052 1
0.159814 1
1.335037 1
0.133486 1
0.206156 1
4.703523 1
0.211424 1
1.226627 1
0.156855 1
0.326581 1
0.700503 1
0.613097 1
0.378360 1
0.191934 1
0.618220 11
0.002148 157
0.000271 8
0.000119 66
202.954227 1
0.163693 1
0.266312 1
0.844336 1
0.106127 1
0.165594 1
1.010196 1
0.137343 1
1.010878 1
0.183405 1
0.210660 1
0.230218 1
1.413068 1
0.373508 1
0.470510 1
0.313894 1
0.306130 1
0.233992 1
0.383948 1
0.300136 1
0.383787 1
0.525336 11
0.993017 75
0.195124 74
62.839401 1
0.204724 1
0.354639 1
0.221896 1
0.693106 1
0.329030 1
0.902562 1
0.185319 1
1.077061 1
0.623016 1
0.171995 1
0.213890 1
2.399523 1
0.173095 1
0.678470 1
0.375521 11
0.070614 64
0.000060 2
0.009463 52
0.000150 2
0.022605 70
0.000260 2
0.353232 62
0.643929 75
0.008783 64
0.000059 2
0.289883 25
7.200705 2
0.096785 55
3.727058 2
0.117935 54
0.026478 70
0.000122 2
0.000105 131
0.000077 2
0.000201 1
0.000061 24
4.091672 1
0.170426 1
0.766710 2
0.000160 31
0.768270 2
0.000057 35
0.335890 3
0.000338 36
0.579480 2
0.000089 18
3.294750 2
0.035185 60
0.806482 2
0.000382 69
0.000117 2
0.003762 90
0.000123 2
0.063768 74
3.929423 1
0.144166 1
0.782410 1
0.130936 1
0.588355 1
0.651067 1
0.144084 1
1.154552 11
0.324348 51
3.573857 305
0.155941 73
0.000224 34
0.000165 162
0.000154 42
0.000362 2
0.190635 73
0.002172 240
0.205403 77
0.000073 204
0.001624 48
0.109994 78
0.002068 2
0.000044 17
0.000040 2
0.000057 21
0.000038 2
0.000069 162
0.000038 2
0.000052 45
0.005894 2
0.063307 8
0.000321 60
38.528448 1
0.135391 1
0.496797 1
0.119210 1
0.647880 1
0.327866 1
0.654802 1
0.943976 11
0.093331 73
0.004291 240
0.027201 8
0.000159 60
5.626957 1
0.341498 1
0.208177 1
0.331800 1
0.745091 21
0.000156 2
0.029279 8
0.000113 66
5.207534 7
10.024933 1
0.117800 1
0.152153 1
0.565033 11
0.140007 9
1.352225 11
0.025596 48
0.000222 2
0.085843 77
0.000197 204
0.002722 48
0.101049 78
0.001841 206
0.000041 2
0.000051 45
0.003000 2
0.045179 8
0.000135 88
6.268497 1
0.375702 1
0.289852 1
0.279991 1
0.652561 17
0.001721 8
0.000074 66
93.161089 5
0.179480 6
0.396821 10
0.797088 2
0.000200 9
0.031249 48
0.000046 2
0.086606 95
0.000039 186
0.000040 2
0.002419 46
0.114195 78
0.000414 2
0.000088 17
0.005149 236
0.044091 8
0.000059 88
127.730621 4
1.408564 17
0.007118 8
0.000070 66
22.861737 1
0.575269 1
0.334411 1
0.185533 1
0.814749 2
0.000015 19
0.000218 2
1.256787 8
0.000262 72
1.371422 1
0.707217 1
0.171744 1
0.187580 1
0.578174 2
0.230529 9
0.000585 6
