0.453507 28
0.002610 72
22.932588 25
1.384121 43
0.277100 80
12.252844 22
1.103379 139
103.236817 26
2.256349 45
0.043346 102
31.723495 24
2.788762 30
0.000025 2
0.000030 9
1.950687 47
0.001487 26
0.004224 58
0.002462 7
0.058916 13
0.003363 70
0.018356 2299
0.010606 2099
25.052172 21
0.000037 6
8.260664 27
7.849640 22
0.000120 25
1.491553 27
0.948834 21
0.000068 23
0.705620 27
0.514294 21
0.000038 23
46.881199 292
5.902110 30
0.579761 28
0.109289 28
1.013487 36
0.170180 36
0.172649 36
1.558321 31
0.687053 31
0.177615 31
0.754998 31
0.403362 32
1.154854 41
0.462586 36
0.603222 36
1.567322 36
0.952164 31
1.966112 31
0.244913 31
0.211862 31
0.491692 32
0.277201 31
0.209169 31
1.204100 41
0.574991 36
0.544130 36
0.873079 36
9.803580 31
0.387038 31
0.243653 31
0.175272 31
0.204578 32
1.254541 43
0.510038 38
0.498912 38
31.476180 38
3.937165 32
0.326599 32
0.163421 32
0.164093 32
0.534232 44
0.365288 32
1.357329 125
0.898324 32
0.411881 32
0.150033 32
0.176903 32
0.158138 44
0.234229 32
0.306800 32
1.009439 30
0.230618 30
0.177234 113
0.162430 30
0.408925 70
0.188312 68
0.848027 30
0.185849 42
0.200308 30
0.445711 30
0.784208 125
9.322803 32
1.849260 32
0.230416 32
0.190225 32
0.194904 44
0.132465 32
0.121587 32
1.742975 125
2.533953 32
0.338295 32
0.503241 32
0.077383 32
2.304702 40
0.200156 40
0.185543 40
0.160515 40
0.723016 32
0.376480 32
0.496494 32
0.152328 32
0.462827 44
0.448679 32
1.332026 125
28.753800 32
0.442628 32
0.126712 32
0.214655 32
0.224791 44
0.306508 32
0.196408 32
1.780419 28
0.061571 115
38.163508 28
1.801193 28
0.533160 28
3.633153 152
4.876187 32
0.304319 32
0.168647 32
0.381159 32
0.363099 44
0.160141 32
1.632740 152
0.545125 152
0.464076 152
1.087064 152
4.911477 32
0.354329 32
0.198096 32
0.229449 32
0.301901 44
0.782366 32
0.435855 32
2.880705 152
1.271069 176
0.512708 176
44.388815 17
0.000050 23
0.100287 17
0.000078 111
1.712472 55
2.159885 24
0.004390 44
0.184661 64
0.160146 24
0.000245 40
0.190800 24
0.000257 40
0.153185 24
0.000487 40
0.178511 24
0.000038 25
0.174532 48
2.378899 47
1.162016 1
0.150855 1
0.995643 1
0.876594 21
0.001684 13
0.029030 83
0.086159 76
0.080284 8
0.002689 94
13.483025 1
0.081779 1
0.409320 1
0.614844 1
0.989110 1
0.155165 1
1.363032 1
0.684371 1
0.206346 1
0.285789 1
0.644628 1
1.512804 1
1.652937 1
0.147348 1
0.186878 1
1.903944 11
0.037588 10
0.006008 2
0.000034 2
0.000526 162
0.008609 102
29.610831 1
0.173289 1
0.153580 1
0.845391 1
0.821206 1
0.147452 1
0.483283 1
0.433124 1
0.434874 1
0.245871 1
0.182884 1
1.152996 1
1.248975 1
0.100283 1
0.139294 1
0.943580 11
0.077650 14
0.010095 2
0.000297 12
0.000324 2
0.000075 14
0.001815 2
0.000166 14
0.001424 2
0.000144 12
0.000020 2
0.002737 100
0.003027 8
0.000343 94
28.886732 1
0.073001 1
0.184410 1
2.137718 1
0.401206 1
1.417411 1
0.892323 1
0.916442 1
0.130082 1
0.818328 1
2.414937 1
0.947418 4
1.332191 1
0.509495 1
0.261158 1
0.154900 1
2.258688 1
0.866738 1
0.438246 1
0.371125 1
2.868062 11
0.002421 6
0.020095 1
0.000615 344
0.009188 102
36.862213 1
0.526336 1
0.663200 1
1.050880 1
0.172839 1
0.237341 1
1.305596 9
2.733362 11
0.029260 6
0.002669 1
0.000021 10
0.000222 2
0.000023 7
0.000028 2
0.000022 7
0.000254 2
0.002838 314
0.015473 8
0.000196 94
39.697411 1
0.101276 1
0.661087 1
0.317875 1
1.256494 1
0.096687 1
0.809490 1
0.938579 1
0.134930 1
0.561111 10
1.734619 2
0.000032 9
0.013757 10
0.017722 2
0.000567 144
0.007874 102
21.985133 1
0.280282 1
0.121705 1
0.852586 1
1.769013 1
0.612770 1
0.075832 1
1.697144 1
0.552241 1
1.640306 4
0.335275 1
5.033124 2
1.498812 4
9.592806 1
4.105496 1
2.109041 1
1.630514 1
0.723020 1
0.434645 1
0.314436 1
0.668719 9
2.307586 1
0.903388 1
0.640305 1
0.223068 1
0.815721 1
0.366024 1
0.258059 1
0.453329 1
1.716208 11
0.011260 216
0.003162 8
0.000959 94
24.495514 1
0.066716 1
0.223825 1
0.156321 1
1.502673 4
0.108770 1
0.407882 1
1.096896 1
0.370733 1
1.185517 1
0.577371 1
0.174532 1
1.343631 1
0.181144 1
0.329750 1
0.395927 1
0.335763 1
0.345784 1
0.166924 1
1.433273 1
1.107598 1
0.151076 1
0.116041 1
7.102133 11
0.225484 12
0.000014 2
0.000022 2
0.000053 16
0.000020 2
0.000395 4
0.005766 102
23.084017 1
0.051991 1
0.432996 1
0.155452 1
0.672480 4
0.962469 1
0.147590 1
1.013938 1
0.112007 1
0.843907 1
0.746772 1
0.088363 1
0.959843 1
0.095333 1
0.351948 1
0.654982 9
0.939305 2
0.000033 9
0.028027 2
0.001495 76
0.000231 8
0.000114 94
23.967517 1
0.623143 1
0.108643 1
1.009413 1
0.100351 1
1.228968 1
0.176176 1
0.300928 10
0.864392 2
0.000080 9
0.019876 2
0.002048 2
0.000045 2
0.000121 2
0.000146 2
0.000040 2
0.000039 2
0.000038 2
0.000038 2
0.000038 2
0.000038 2
0.000067 2
0.000113 66
0.000027 12
0.001251 28
0.000040 2
0.000480 44
0.001387 8
0.000334 94
30.300284 1
0.552350 1
0.322429 1
0.163107 1
1.146767 1
1.436033 1
0.073413 1
0.185080 1
1.640345 1
0.162846 1
0.396493 10
0.880437 2
0.000034 9
0.012343 14
0.000044 2
0.000040 12
0.000036 2
0.000038 12
0.000036 2
0.000069 14
0.000037 2
0.006655 10
0.001620 106
0.005327 102
94.965167 1
0.436789 1
0.932578 1
0.084658 1
3.949666 2
0.000080 13
0.000437 2
