0.207201 28
0.002673 72
0.568721 4
0.436562 20
0.584690 23
0.138298 7
1.774836 1
1.392847 1
0.205186 1
0.750993 1
0.109896 1
0.681826 1
0.133481 8
1.377644 2
0.000041 9
0.000146 8
0.000035 94
3.385924 1
0.079760 1
0.235874 1
0.686601 1
0.982335 1
0.121405 1
0.493389 1
1.569371 1
0.796649 1
0.071890 1
1.644758 1
2.078351 1
0.122051 1
0.401761 1
0.599864 1
0.221271 1
0.314881 1
0.150651 1
1.313268 1
0.516524 1
0.113420 1
0.146579 1
5.530462 11
0.002597 8
0.000197 94
134.026823 39
2.050276 60
0.001265 2
0.000036 9
0.013272 8
0.001592 94
10.030842 43
0.981936 131
0.001574 2
0.000031 9
0.014368 66
0.011373 82
0.005023 8
0.000843 94
52.608004 36
2.905717 57
1.307216 4
3.109231 11
0.004075 8
0.000899 94
21.143471 51
0.853378 140
0.254668 1
0.498474 1
0.030015 1
0.031025 1
0.031979 1
0.030940 1
0.031738 1
0.029082 1
0.032006 1
0.030684 1
0.030046 1
0.039512 1
0.035886 1
0.017148 1
0.030350 1
0.032502 1
0.027346 1
0.030669 1
0.031892 1
0.031603 1
0.230638 3
0.836026 45
0.180972 45
0.328405 45
0.144249 45
0.187953 45
0.177663 45
0.164747 45
0.175683 45
0.162094 45
0.168400 45
0.183761 45
0.183617 45
0.182603 45
0.160953 45
0.179334 45
0.313664 43
0.241682 43
3.427491 2
0.000039 9
0.008665 94
0.002299 2
0.000887 8
0.001501 94
26.033967 51
1.701893 142
1.027495 4
0.499063 4
0.030565 4
0.029947 4
0.030663 4
0.030103 4
0.032173 4
0.029944 4
0.029692 4
0.030403 4
0.031457 4
0.031832 4
0.035604 4
0.026286 4
0.027151 4
0.029940 4
0.028898 4
0.032307 4
0.029736 4
0.030274 4
0.031531 4
0.031842 4
0.029831 4
0.028618 4
0.032386 4
0.031079 4
0.031670 4
0.030129 4
0.031257 4
0.030451 4
0.030012 4
0.029443 4
0.031785 4
0.032810 4
0.029404 4
0.030609 4
0.028911 4
0.031261 4
0.030869 4
0.028967 4
0.031075 4
0.029659 1
0.031906 1
0.034045 1
0.028291 1
0.031569 1
0.029062 1
0.033710 1
0.029733 1
0.033880 1
0.025043 1
0.030730 1
0.030468 1
0.031936 1
0.030301 1
0.028869 1
0.030892 1
0.031133 1
0.029057 1
0.029156 1
0.032739 1
0.028544 1
0.028400 1
0.034135 1
0.026469 1
0.035554 1
0.025062 1
0.035501 1
0.027224 1
0.029368 1
0.031043 1
0.031175 1
0.030383 1
0.029757 1
0.028690 1
0.033692 1
0.027105 1
0.030600 1
0.182759 1
0.165632 1
0.167274 1
48.916114 1
0.027044 1
0.228491 1
0.701279 1
0.210296 1
1.281237 1
0.885483 1
0.701154 1
0.876084 6
1.772612 4
0.129715 1
0.473556 1
0.825309 1
2.673343 1
0.231084 1
2.015070 11
0.014068 8
0.001486 94
79.724792 1
0.010220 1
1.415901 1
0.434723 1
0.671522 1
0.211053 1
0.750429 1
0.636549 1
0.211017 1
0.245373 1
2.425751 2
0.000111 9
0.131973 94
0.002317 8
0.000829 94
1.858825 1
0.108104 1
0.350463 1
0.425781 1
0.363870 1
1.258557 1
0.145674 1
0.554549 1
0.520165 1
0.297593 1
1.446562 1
0.143922 1
0.277782 1
1.032245 4
0.169657 1
0.748952 1
0.492951 1
0.184613 1
2.645257 1
0.454525 1
0.132574 1
6.119186 2
0.000435 9
0.011179 103
0.005478 2
0.000421 2
0.000168 8
0.000188 2
0.049030 12
0.000490 158
0.002171 8
0.000069 94
23.401989 1
0.250127 1
0.311191 1
1.198347 1
0.914980 1
0.145715 1
0.597991 1
0.712753 1
0.331526 1
0.345108 1
0.329280 1
4.952020 1
1.160069 1
4.786210 1
0.108680 1
0.688860 1
0.263492 1
1.779762 1
0.350538 1
0.291747 1
0.576773 1
4.800341 11
0.409132 47
0.000508 142
0.014837 13
0.000455 70
0.002687 2028
0.011235 100
0.000029 15
0.000053 156
0.006000 1978
0.003143 172
19.890713 27
0.223725 21
0.000039 23
0.509568 27
0.382284 21
0.000050 23
2.053334 292
2.514423 30
0.243295 28
0.283738 28
0.276734 28
0.329462 28
6.522307 38
0.097365 125
2.724619 46
1.040227 1
0.119610 1
0.334124 1
0.000062 20
0.000450 18
0.007788 133
0.035539 14
0.000014 7
0.000031 1
0.000019 2
0.000163 52
0.004778 8
0.000533 94
32.794767 20
0.919969 2
0.001982 9
0.047992 73
0.000018 63
0.001748 7
0.004619 13
0.007059 70
0.000248 1968
0.000460 67
0.000080 100
0.000123 15
0.000069 156
0.003596 1970
0.000468 141
17.967497 27
1.109055 23
0.000042 25
0.464483 45
1.093503 1
0.144762 1
0.655425 1
0.000210 20
0.000469 18
0.347753 80
0.005779 14
0.000061 7
0.000067 1
0.000020 2
0.000054 23
0.000062 29
0.004713 8
0.000182 94
16.819654 1
0.207491 1
0.433847 1
1.609951 1
0.813488 1
0.157738 1
0.714301 1
0.318934 1
1.738258 1
0.870036 4
0.393813 1
0.654343 1
0.221956 1
0.207513 1
1.965217 11
0.200600 47
0.000238 26
0.000022 7
0.001943 47
0.012391 10
0.044993 13
0.000271 29
0.000024 23
0.000046 4
0.000026 14
0.000863 535
0.576357 100
0.000030 15
0.002448 569
75.690922 81
0.002004 38
0.132150 85
0.004233 38
0.626430 81
0.000826 45
0.024728 80
0.003343 44
0.014688 124
0.019603 88
0.001363 140
0.012018 24
0.000374 226
0.000175 56
0.000202 40
0.027655 80
0.001640 40
0.034935 49
0.000178 48
0.000073 48
0.106823 48
0.002907 48
0.000353 48
0.383381 48
0.000243 24
0.000742 24
0.129993 25
0.001911 24
10.544592 22
0.000038 25
1.085084 1
0.237403 1
0.941929 30
0.027272 83
0.001976 14
0.000067 7
0.000048 1
0.000036 2
0.000035 23
0.000039 29
0.004245 8
0.000281 94
23.780335 25
1.082738 32
0.002791 11
0.160226 47
0.005095 138
0.021270 2052
0.000812 59
0.016771 100
0.000030 15
0.001496 2134
0.002736 168
24.018448 21
0.000106 271
0.487555 30
0.315864 28
0.091810 28
0.750015 36
0.197409 36
0.180082 36
0.172253 1
0.726158 28
0.992210 28
0.202407 28
0.098559 28
32.506240 36
0.191230 36
0.200921 36
0.160121 36
0.161110 1
4.367634 28
1.499251 28
0.109833 28
0.632129 36
0.162440 36
0.158485 36
0.146812 1
1.148797 28
0.657285 16
0.000396 22
0.100356 125
0.680621 22
0.100327 55
0.480245 22
0.100596 55
0.141182 22
0.099952 54
0.952589 23
0.000036 24
5.102146 21
0.000041 25
0.886586 1
0.085592 1
0.958830 21
0.000325 14
0.027593 133
0.000018 14
0.006251 7
0.000342 1
0.000076 2
0.000411 52
0.005002 102
53.450629 30
1.061665 42
0.002566 11
0.045748 102
14.803668 1
0.035538 1
2.692124 1
1.016213 1
0.161476 1
0.597809 4
0.138252 4
0.608024 1
0.125773 1
0.668967 91
14.231181 40
2.216157 96
0.520154 1
0.498176 1
0.031544 1
0.030039 1
0.030623 1
0.031052 1
0.028629 1
0.029758 1
0.031189 1
0.031595 1
0.029885 1
0.032720 1
0.029221 1
0.029601 1
0.031419 1
0.031009 1
0.029935 1
0.030880 1
0.029981 1
0.030837 1
0.028587 1
0.035372 1
0.027556 1
0.030649 1
0.028960 1
0.032055 1
0.203254 1
1.581092 5
0.570736 1
2.437466 5
0.089560 5
1.418290 5
0.400094 11
11.530268 11
0.016727 8
0.000627 72
12.346683 42
1.013546 98
0.309301 1
0.500758 1
0.032476 1
0.028702 1
0.031387 1
0.030007 1
0.029520 1
0.030383 1
0.030004 1
0.031051 1
0.030775 1
0.030788 1
0.029536 1
0.037288 1
0.025426 1
0.033910 1
0.027896 1
0.030202 1
0.032209 1
0.028541 1
0.032029 1
0.027914 1
0.033250 1
0.033271 1
0.023938 1
0.174373 1
0.931764 5
2.187192 5
0.122043 5
0.740489 5
0.265328 1
3.470458 5
0.170199 5
0.186391 5
0.794207 1
1.111662 5
0.077185 5
0.714418 5
0.316656 11
6.587938 2
0.000136 9
0.006179 8
0.002188 72
14.927055 56
5.944908 112
1.550367 1
0.501296 1
0.030041 1
0.029443 1
0.031189 1
0.033793 1
0.031689 1
1.232070 1
0.502337 1
0.038214 1
0.025136 1
0.670110 3
0.444588 1
0.688515 1
0.500597 1
0.030451 1
0.032121 1
0.028325 1
0.030695 1
0.029494 1
0.033723 1
0.030724 1
0.027119 1
0.215667 1
1.312375 1
1.825786 1
0.499787 1
0.031085 1
0.031533 1
0.028627 1
0.032080 1
0.027801 1
0.030652 1
0.032166 1
0.029021 1
0.030018 1
0.032302 1
0.028973 1
0.032670 1
8.545351 1
0.198331 1
1.580722 5
0.346867 1
0.792601 5
0.124030 5
0.437209 5
1.368888 11
1.265798 11
0.129602 70
0.000015 117
0.000021 2
0.000044 84
0.000210 2
0.000349 8
0.000039 72
161.174759 1
0.118217 1
0.023794 1
9.755237 1
0.127303 1
1.494651 4
0.051225 4
1.124890 1
1.294278 1
0.089371 1
1.542227 1
0.870204 1
0.137393 1
0.281532 1
0.293332 1
0.735330 1
0.323717 1
0.355400 1
0.646672 1
1.238245 2
0.024684 9
0.299242 54
0.066325 58
0.000557 8
0.000118 72
14.254637 15
0.502816 1
0.195790 1
0.187002 1
0.174987 1
0.154203 1
0.175606 1
0.155998 1
0.196080 1
1.124512 1
0.453623 3
0.814417 21
0.312843 17
1.094063 2
0.000042 9
0.158545 8
0.000042 72
0.910999 15
2.574511 4
0.161767 4
0.155438 4
0.168997 4
0.152537 4
0.157037 4
0.165517 4
0.382217 4
0.691038 1
0.207557 1
1.501547 1
0.733305 1
0.228870 1
0.478579 1
0.408714 1
1.634969 11
0.138408 8
0.000040 72
1.796102 14
0.633551 15
0.267334 18
0.379670 73
0.591005 139
0.317653 116
0.279216 72
0.518261 26
0.538910 41
0.486479 23
0.327829 17
0.450607 20
0.171811 19
0.340496 37
0.583603 41
0.187616 23
0.166692 17
0.161748 43
0.274323 23
0.534918 40
0.314609 43
0.280446 135
0.274320 100
0.401318 95
0.500398 137
0.031504 88
0.030074 40
0.030641 19
0.030157 39
0.030823 20
0.028001 19
0.031030 37
0.030122 29
0.029836 47
0.031100 114
0.042921 153
0.024160 82
0.024651 18
0.029974 19
0.030268 17
0.030255 1
0.029744 1
0.031418 1
0.029313 1
0.029292 1
0.032107 1
0.031060 1
0.031064 1
0.029081 1
0.029923 1
1.090850 1
1.268092 1
0.205194 1
0.340081 1
0.109625 1
0.479371 9
6.015731 2
0.002113 9
0.000151 8
0.000034 94
105.863886 1
0.128974 1
2.810068 1
0.852557 1
0.169625 1
0.408235 1
0.500198 1
0.996001 4
0.355998 1
0.607256 1
0.391995 1
0.156960 1
16.928899 1
0.353024 1
0.129320 1
0.279287 1
0.496825 1
0.450033 1
0.004534 3
1.228076 1
0.946366 4
0.260263 1
0.406671 1
0.284193 1
0.761403 4
0.195497 1
0.202268 1
2.875946 1
1.523102 11
0.257850 8
0.000220 94
7.755220 1
0.378399 1
0.163845 1
0.753890 1
0.122365 1
0.484631 6
8.832926 1
1.099359 1
0.268801 1
0.335786 1
0.200472 1
1.115532 1
0.306310 1
0.295305 1
0.438878 1
0.748351 4
0.313897 1
0.377608 2
0.001159 9
0.080460 8
0.000300 94
44.426806 1
0.061932 1
0.478990 11
0.129009 66
0.001154 2
0.002174 102
30.900206 1
0.360056 1
0.600366 1
0.141683 1
1.305776 2
0.000203 15
