0.033270 18
0.000071 2
0.002566 8
0.000077 72
3.313609 1
0.639102 1
1.552651 1
1.097827 1
0.128001 1
0.265128 9
1.780679 2
0.000535 111
1.151898 1
0.069751 1
2.858460 1
0.783377 1
0.604771 1
1.495258 1
0.386350 1
0.892699 1
0.803225 1
0.081282 1
0.250569 1
0.961620 1
0.075052 1
1.227309 1
1.106409 1
0.139296 1
0.101976 1
2.181004 11
0.101987 102
11.335257 1
0.495236 1
0.268465 1
0.136536 1
1.252033 1
0.445857 1
0.674182 1
0.076695 1
0.671755 1
0.127202 1
0.102109 1
2.378691 1
0.533345 1
0.682128 1
2.776103 1
1.052409 1
0.141419 1
0.340155 1
0.234049 1
1.422358 1
1.269093 1
0.812974 1
0.189395 1
0.068821 1
2.619968 11
0.014071 37
3.881385 2
0.140645 8
0.000217 94
22.495599 1
0.299791 1
0.135530 1
2.113556 1
0.130330 1
0.128718 1
1.775571 1
0.424205 1
0.127641 1
0.253294 1
0.484796 1
1.968376 1
0.247575 1
0.818513 1
0.116929 1
0.142714 1
3.223402 2
0.000037 9
0.103842 32
0.000277 2
0.000388 102
33.928210 1
0.116088 1
0.219754 1
0.138181 1
0.701371 1
0.242474 1
0.108118 1
0.133842 1
0.731351 1
0.159001 1
1.360271 1
0.115602 1
0.208039 1
0.381939 1
0.577745 1
0.359933 1
0.752949 1
0.132385 1
0.118554 1
1.566558 2
0.000638 9
0.385860 62
0.000851 13
0.023793 29
0.000167 35
0.000062 8
0.000077 87
0.000624 17
0.000075 96
0.000071 6
0.000113 6
0.000060 215
0.000087 208
0.000280 5
0.000067 14
0.000062 10
0.000063 14
0.000043 41
0.000157 43
0.000062 43
0.000045 45
0.000064 16
0.000063 16
0.000144 259
7.043487 18
0.000159 4
0.169881 6
0.000039 16
0.063802 18
0.000035 28
0.043934 18
0.000047 5
0.000057 6
0.000055 12
0.000222 5
0.599845 6
0.000012 12
0.000219 5
0.020964 21
0.000072 22
0.021115 6
0.000170 5
0.000118 19
0.023582 22
0.041099 6
0.000044 12
0.000090 18
16.704894 11
0.000068 8
0.000717 52
0.005744 8
0.000091 94
4.019995 1
0.215619 1
1.262182 1
0.472116 1
0.113999 1
0.271539 8
1.592277 2
0.000017 9
0.005537 4
0.000362 91
0.000229 8
0.000063 94
14.580055 1
0.285718 1
0.446388 1
0.115939 1
1.281024 1
0.331617 1
0.527536 1
0.089119 1
0.406712 1
0.129731 1
0.130731 1
1.419003 1
0.526584 1
1.773408 4
0.284115 1
0.296717 1
1.291621 1
0.476675 1
0.090980 1
0.358759 8
1.935038 11
0.016920 8
0.000085 94
1.353896 1
0.181354 1
0.128203 1
1.868588 1
0.121027 1
0.102508 1
0.998004 1
0.618421 1
0.085132 1
0.580763 8
14.180978 11
0.007522 34
0.000238 8
0.000061 94
13.570778 1
0.891850 1
0.318470 1
0.160210 1
0.618074 2
0.000161 9
0.000014 4
0.000048 2
