0.316410 18
0.000039 2
0.033288 8
0.000058 72
1.416343 4
0.375488 24
1.047394 27
0.185096 7
4.755839 1
1.234648 1
0.052103 1
2.423543 4
0.134282 1
3.020785 1
0.144842 1
0.665748 9
2.878469 2
0.000041 9
0.000335 8
0.000691 94
5.876518 1
0.573583 1
0.572051 1
0.648866 1
0.076753 1
1.063299 1
0.743884 1
0.812013 1
0.271701 1
1.293963 1
1.138637 1
0.863443 1
0.070337 1
2.528383 11
0.020362 102
16.393663 1
0.084503 1
1.496838 1
0.779790 1
1.295997 1
0.113050 1
2.339563 11
0.072566 12
0.000366 2
0.000243 75
0.000134 65
0.001632 2
0.000788 8
0.000037 94
16.893712 1
0.052411 1
0.508964 1
0.167858 1
0.856015 1
1.510387 1
0.125594 1
1.032761 11
0.008984 12
0.001399 2
0.000495 63
0.002019 2
0.000042 75
0.001227 2
0.007369 8
0.001550 94
32.399502 1
0.087741 1
0.296410 1
0.303812 1
1.154078 4
0.357717 1
0.106507 1
6.229843 2
0.000423 9
0.009172 69
0.002586 8
0.004907 94
15.660706 1
0.023534 1
0.504799 1
0.896573 1
0.395037 1
1.687168 11
0.002689 52
0.004716 2
0.002521 8
0.000075 94
7.081051 1
0.020517 1
0.248150 1
0.536460 1
0.464570 1
0.124226 1
0.244483 1
2.975648 11
0.008296 13
0.001887 2
0.000159 78
0.000465 2
0.000702 149
0.001117 84
0.000650 8
0.000882 94
39.122000 1
0.400952 1
0.302206 1
0.331781 1
0.873415 17
