0.196221 18
0.000316 2
0.000424 8
0.001520 72
1.973747 4
0.473800 7
0.930855 4
0.113228 10
0.772690 31
30.943255 69
0.516141 6
0.670564 10
2.158992 1
0.439430 1
0.085840 1
0.274372 1
0.000324 1
1.701386 1
0.244138 7
1.293690 2
0.000058 9
0.000144 8
0.000044 94
1.497720 1
0.111297 1
0.198070 1
1.782903 1
0.975952 1
2.736162 1
0.864006 1
0.665961 1
1.420165 1
0.401638 1
0.422128 1
0.232185 1
0.185896 1
0.638618 1
1.387269 1
0.109353 1
0.697123 1
0.135465 1
0.137561 1
2.372517 1
1.246093 1
0.853839 1
2.228829 1
0.903363 1
0.942505 4
0.379635 1
1.544296 1
0.915562 1
0.391973 1
0.244018 3
3.877214 1
0.416528 1
0.630167 1
0.478919 1
0.227289 1
0.267099 1
63.612935 4
0.283844 4
0.194043 4
1.671830 1
0.371994 1
0.358074 1
0.251980 1
0.579856 4
0.320401 1
0.203847 1
0.385919 1
0.153841 1
0.200057 1
0.858864 1
0.810289 1
2.762696 2
0.003018 9
0.005054 12
0.000054 2
0.000128 11
0.000048 2
0.001668 10
0.000051 2
0.000107 11
0.000048 2
0.000166 10
0.000066 2
0.000107 12
0.000076 2
0.000145 11
0.000014 12
0.000074 2
0.000568 8
0.000052 94
23.125235 1
0.153755 1
0.133940 1
0.208290 1
1.144296 1
0.345547 1
0.192184 1
2.256465 1
0.889694 1
0.195526 1
0.196091 1
0.189758 1
0.208098 1
1.382218 1
0.219956 1
1.111843 1
0.132111 1
0.185844 1
1.568016 1
0.531983 1
0.358410 1
0.949605 1
0.244880 1
0.000979 5
1.692839 1
0.353230 5
7.349813 11
0.005805 8
0.000286 94
12.764590 1
1.227624 1
0.267933 1
0.394173 1
0.143828 1
0.216108 1
1.615816 1
0.218133 1
0.199933 1
0.611719 1
0.480325 1
0.169923 1
1.628350 11
0.005243 102
0.324641 1
0.159497 1
0.184332 1
0.784801 1
0.152029 6
1.996845 2
0.000040 9
0.000177 8
0.000044 108
3.417038 10
0.500795 22
0.028855 44
0.029671 61
0.031175 299
0.030622 21
0.032388 10
0.027896 31
0.030692 87
0.032330 145
0.000050 2
0.000073 211
0.027173 78
0.029513 140
0.000058 2
0.000029 193
0.030343 31
0.033050 31
0.261402 72
0.177814 240
0.170182 230
0.161858 171
0.164121 249
0.162081 31
0.167921 34
0.165919 32
0.164078 49
0.321953 70
0.164131 213
0.178624 179
0.171134 141
0.000357 198
0.161690 32
0.163926 48
0.172374 182
0.000275 2
0.000117 21
0.177345 209
0.151992 182
0.000304 27
0.169920 299
0.167949 30
0.171662 34
0.168363 28
0.173797 15
0.159805 45
0.172305 299
0.166011 23
0.176045 28
0.179841 39
0.173893 43
0.162260 61
0.183776 43
0.200236 72
0.175653 343
0.176178 46
0.190016 44
0.193870 86
0.184252 127
0.000353 154
0.171516 67
0.178003 143
0.000412 207
0.357516 48
0.178005 42
0.168092 48
0.181906 38
0.176050 75
0.170067 143
0.000401 207
0.195336 48
0.178424 42
0.184521 68
0.181229 133
0.000435 174
0.185522 25
0.171134 62
0.146712 176
0.204226 172
0.000133 4
0.173974 187
0.672418 189
0.287466 170
0.000342 6
0.335615 176
0.181427 187
1.254907 170
0.000333 9
0.369332 170
0.000035 9
13.859945 1
36.392041 1
0.500439 222
0.030156 1
0.029756 1
0.030804 1
0.029399 1
0.030394 1
0.030053 1
0.030253 1
0.029166 1
0.427743 1
0.325953 1
3.693085 198
0.154924 3
0.336549 3
0.499552 3
0.029492 3
0.031115 3
0.030364 3
0.030536 3
0.030202 3
0.030003 3
0.029567 3
0.346673 1
0.221849 1
0.187991 1
0.645793 219
0.175379 5
0.000377 210
0.179866 5
0.213834 5
0.340024 5
0.212095 5
0.290499 9
3.188226 5
0.076953 5
6.547831 2
0.000357 17
0.000661 108
1.198833 42
0.457298 1
0.184102 1
0.169227 1
0.162891 1
0.143905 1
1.708526 5
0.095993 5
0.171513 3
0.228034 3
0.177772 3
0.156025 3
0.275164 7
0.162074 7
0.155879 7
0.816606 3
0.152888 3
0.220593 3
3.060689 19
0.000054 108
0.943137 42
0.776965 1
0.182117 1
0.181793 1
0.266254 1
0.203988 1
0.621759 5
0.103104 5
0.207028 3
0.243963 3
0.177954 3
2.441496 19
0.000057 108
0.486518 42
2.183951 1
0.418033 3
0.476111 1
0.581014 3
0.162875 1
2.099336 2
0.000845 9
0.000040 8
0.000110 108
2.023476 1
0.267343 1
0.307789 1
0.182130 1
1.378150 1
0.165935 1
1.704225 1
0.273878 1
0.792367 1
3.855376 1
3.278304 1
0.067422 1
4.327189 11
0.004590 116
2.430368 1
0.111879 1
2.120982 11
0.003683 55
0.000056 2
0.000494 8
0.001447 108
11.037717 1
0.035342 1
0.140314 1
0.994798 1
0.784350 1
1.315010 1
0.642705 1
0.567413 1
1.570017 1
0.686607 1
0.378131 1
1.598603 1
0.245363 1
0.785455 1
0.511767 1
0.298355 1
1.071364 1
0.186708 1
0.305654 1
1.838778 1
0.823886 1
0.135154 1
0.115824 1
5.676854 1
1.335567 1
1.355017 1
0.863678 1
0.236615 1
0.204617 1
2.750115 1
1.178551 1
0.870063 1
1.287325 1
0.243807 1
0.897523 1
3.002614 1
1.344055 1
1.524005 3
1.715991 1
0.289850 1
0.270095 1
0.606893 1
3.223283 1
0.697160 1
0.594827 1
4.606528 1
0.483889 1
0.666378 1
4.738838 2
0.000848 9
0.004831 6
0.000408 2
0.000677 33
0.000862 8
0.002325 108
9.744344 1
0.067897 1
0.129360 1
1.168506 1
0.232168 1
2.748176 1
0.662426 1
0.091339 1
1.354115 1
0.498117 1
0.348635 11
2.505178 1
0.144122 1
2.194699 1
0.255235 1
0.718857 1
0.135052 1
0.834124 1
0.209908 1
1.382077 1
0.890235 1
0.361806 1
1.868786 1
0.913247 1
0.654790 4
0.211106 1
2.141040 3
1.103139 1
1.495600 1
0.222165 1
0.206056 1
1.628785 1
1.151977 11
0.005601 6
0.000061 2
0.002373 8
0.000829 8
0.000157 108
37.534563 1
0.129651 1
0.117523 1
0.418829 1
67.825732 1
0.011014 1
1.063959 1
0.451006 1
0.331616 11
1.660428 1
0.142181 1
0.967347 1
0.190478 1
0.532098 1
0.132022 1
0.606689 1
0.111037 1
0.788867 1
0.353581 1
0.289657 1
1.774034 1
0.248122 1
1.126738 1
0.177117 1
0.600219 3
0.161728 1
0.520130 1
0.553367 1
0.105271 1
4.555846 1
0.245358 1
2.629968 1
1.500247 1
0.861057 1
0.184852 1
0.169860 1
1.028199 1
4.085974 2
0.003045 9
0.006277 8
0.000063 108
2.306642 1
0.088044 1
0.153599 1
1.086896 1
0.329367 1
0.780816 1
0.231361 1
1.349813 1
0.513973 1
0.356708 11
1.696065 2
0.000041 9
0.003632 33
0.000223 8
0.000072 108
29.577448 1
0.073310 1
0.146449 1
1.721971 1
1.656498 1
0.443873 1
0.944215 1
0.846116 1
0.778129 1
0.189601 1
0.354517 9
1.697269 4
0.196085 4
0.155955 4
0.173885 4
0.154218 4
0.374246 1
0.758412 1
0.779189 1
0.163869 1
0.137689 1
1.985064 2
0.001868 9
0.003183 8
0.000608 108
1.553663 1
0.137778 1
0.171927 1
0.802272 1
1.046544 1
0.605005 1
0.082455 1
1.182095 1
0.621842 1
1.362297 1
0.461772 1
0.471299 7
1.458906 1
0.726546 1
0.866025 1
0.098373 1
0.144700 1
1.419911 2
0.000798 9
0.007503 8
0.000065 108
0.841947 1
0.127908 1
0.119953 1
1.300079 1
0.454238 1
1.433795 1
2.260986 1
0.413099 1
2.851954 1
0.214050 1
0.595998 1
0.317857 1
0.316557 1
0.563502 1
0.085801 1
1.822403 1
0.878356 1
0.141323 1
0.193989 1
1.436146 1
1.442066 1
0.107911 1
1.940953 1
0.725228 1
0.438802 1
0.000043 6
0.585530 1
0.268561 5
1.296997 1
0.553980 1
0.311332 1
0.000453 6
0.944205 1
0.238446 5
13.675460 2
0.000783 9
0.014375 8
0.000642 108
2.343232 1
0.391573 1
0.557575 1
0.309787 1
0.312218 1
0.222072 1
136.428443 1
1.010120 1
0.153459 1
1.550053 1
0.211709 1
0.622739 4
0.463408 1
0.158547 13
2.999545 2
0.000120 9
0.002613 513
0.000063 2
0.000068 9
0.000046 2
0.000046 5
0.000045 2
0.000045 9
0.000255 2
0.001299 36
0.000142 2
0.000049 38
0.000046 2
0.000089 38
0.000281 2
0.000062 40
0.000027 2
0.000067 4
0.001248 4095
0.000123 4095
0.000018 1634
0.000441 108
5.849617 1
0.323046 1
0.141805 1
0.328349 1
1.586004 4
0.077489 1
1.588560 1
0.904737 1
0.229142 13
2.210437 11
0.005596 513
0.000077 4095
0.000135 4095
0.000066 1821
0.002283 116
7.645906 113
0.039721 113
83.119986 1
0.051738 1
0.158050 1
1.164881 1
0.841285 1
0.143825 1
1.532200 1
0.083624 1
1.358366 1
0.311720 1
2.504404 1
40.702257 1
0.955525 1
0.205981 1
0.664553 1
0.121432 1
0.185226 1
4.816698 1
1.016601 1
0.607017 1
0.378549 1
0.915848 1
0.801944 1
0.136114 1
0.103709 1
7.708406 1
0.993985 1
0.179894 1
0.584219 1
0.587922 1
0.599723 1
0.101966 1
0.164289 1
8.652309 1
0.104666 1
0.180554 1
0.171281 1
0.748001 3
1.127865 11
0.044929 7
0.299367 3
0.216030 3
0.200085 3
3.165658 1
0.793725 1
0.171261 1
0.415493 1
0.812652 1
0.157904 1
5.662115 1
1.190706 1
0.157389 1
0.117475 1
1.930845 1
0.283682 1
0.836880 1
1.263410 1
2.655870 1
0.165875 1
0.358100 1
4.944581 163
5.902211 1
0.563961 319
0.708609 69
9.742611 1
0.507998 4
0.242054 1
0.334411 1
2.328141 1
0.347241 1
0.448080 1
0.231988 1
0.380532 1
0.359511 1
1.727920 1
0.438350 1
0.727654 1
1.236042 1
0.225997 1
0.460238 1
0.139641 1
0.629902 1
2.166880 1
0.597248 1
2.124215 1
0.475731 1
0.538052 1
0.728649 1
0.215379 1
0.125934 1
0.165981 1
1.604327 1
2.160100 1
0.057696 1
21.580126 1
0.806534 1
0.117280 1
0.520385 1
0.155733 1
2.834086 1
11.723867 39
0.000492 2
2.569856 4
0.800843 1
0.499409 1
0.029911 1
0.029808 1
0.030243 1
0.029998 1
0.030019 1
0.029831 1
0.030166 1
0.030591 1
0.031128 1
0.030093 1
0.029846 1
0.030086 1
0.030361 1
0.029861 1
0.030021 1
0.030298 1
0.029671 1
0.030246 1
0.030323 1
0.030753 1
0.030206 1
0.210955 1
0.499854 1
0.030093 1
0.030548 204
0.029865 1
0.029906 1
0.030116 1
0.030111 1
0.030678 1
0.030105 1
0.506682 3
0.093855 3
0.410140 1
0.227136 148
0.184129 148
0.169751 148
0.168010 148
0.161860 148
0.170666 149
4.332563 14
0.013186 5
0.000049 94
0.000126 56
0.000062 2
0.000290 133
0.288534 116
8160.973911 116
2.402356 1
0.239563 1
0.183506 1
0.500153 1
0.029340 1
0.030067 1
0.030371 1
0.030833 1
0.029584 1
0.030567 1
0.029180 1
0.030725 1
0.029167 1
0.031383 1
0.030505 1
0.031562 1
0.029652 1
0.029981 1
0.030698 1
0.166439 204
0.205904 1
0.180992 1
0.175288 1
0.500074 1
0.029389 1
0.030116 1
0.031162 1
0.028774 1
0.030136 1
0.030630 1
0.031028 1
0.030538 1
0.030427 1
0.030358 1
0.031634 1
0.030407 1
0.030029 1
0.029554 1
0.030679 1
0.030845 1
0.029454 1
0.031713 1
0.030488 1
0.031061 1
0.030560 1
0.030857 1
0.030374 1
0.030324 1
0.030916 1
0.029403 1
0.029997 1
0.030261 1
0.030373 1
0.030016 1
0.030121 1
0.030676 1
0.030102 1
0.030069 1
0.029567 1
0.031101 1
0.029756 1
0.030710 1
0.030168 1
0.030237 1
0.030010 1
0.029778 1
0.030035 1
0.030105 1
0.029659 1
0.030143 1
0.030311 1
0.031109 1
0.029827 1
0.030004 1
0.029361 1
0.030621 1
0.029371 1
0.030136 1
0.031169 1
0.029653 1
0.031140 1
0.029391 1
0.030816 1
0.029173 1
0.030374 1
0.030566 1
0.031014 1
0.218242 204
0.191666 1
0.198395 1
0.183960 1
2.293755 283
0.067433 282
8.994867 3
0.499833 3
0.031274 3
0.029631 3
0.029741 3
0.030406 3
0.029659 3
0.029725 3
0.030739 3
0.031395 3
0.029763 3
0.030208 3
0.029908 3
0.029484 3
0.030683 3
0.030028 3
0.030102 3
0.029997 3
0.030159 3
0.030276 3
0.029545 3
0.030289 3
0.029975 3
0.031071 3
0.029852 3
0.029989 3
0.029937 3
0.031480 3
0.029944 3
0.029899 3
0.030157 3
0.030692 3
0.030491 3
0.030400 3
0.030915 3
0.029527 3
0.029746 3
0.030814 3
0.030489 3
0.029959 3
0.030446 3
0.030380 3
0.029707 3
0.031146 3
0.030264 3
0.029331 3
0.030321 3
0.030847 3
0.030967 3
0.031412 3
0.030559 3
0.030187 3
0.030232 3
0.029539 3
0.030052 3
0.029768 3
0.030816 3
0.029463 3
0.030621 3
0.029529 3
0.030002 3
0.029982 3
0.030275 3
0.030265 3
0.029312 3
0.030108 3
0.029816 3
0.030112 3
0.031198 3
0.030750 3
0.029706 3
0.030490 3
0.029665 3
0.030222 3
0.030077 3
0.552048 1
0.165946 1
0.793395 24
0.115271 23
0.934936 11
0.048924 5
0.000306 94
0.000182 56
0.000201 2
0.000093 5
0.000140 126
0.000032 2
0.008726 8
0.000278 108
50.663086 116
0.578461 1
0.500200 1
0.031358 1
0.030825 1
0.030695 1
0.031296 1
0.029887 1
0.030027 1
0.029550 1
0.030094 1
0.030651 1
0.029507 1
0.029903 1
0.030255 1
0.030591 1
0.291667 3
0.421919 1
0.500088 1
0.030636 1
0.030345 1
0.030818 1
0.029890 204
0.030585 1
0.029566 1
0.029760 1
0.030962 1
0.129118 1
0.201792 3
0.186045 3
0.605524 166
0.077247 162
0.471277 1
0.501086 1
0.029591 1
0.030062 1
0.030524 1
0.029974 1
0.029389 1
0.030268 1
0.030491 1
0.029762 1
0.030692 1
0.030638 1
0.029542 1
0.030000 1
0.030052 1
0.030082 1
0.030568 1
0.031270 1
0.030748 1
0.031191 1
0.031054 1
0.030149 1
0.029842 1
0.030488 1
0.030532 1
0.030453 1
0.030543 1
0.029897 1
0.030144 1
0.030097 1
0.030091 1
0.029973 1
0.030501 1
0.030082 1
0.030737 1
0.029822 1
0.029749 1
0.030112 1
0.029871 1
0.030889 1
0.029431 1
0.029506 1
0.029795 1
0.030602 1
0.030646 1
0.029613 1
0.030344 1
0.030331 1
0.030418 1
0.030344 1
0.030036 1
0.030438 1
0.030869 1
0.029965 1
0.031389 1
0.028901 1
0.030015 1
0.030768 1
0.029296 1
0.030090 1
0.030446 1
0.030189 1
0.030408 1
0.030263 1
0.031277 204
0.030043 1
0.028950 1
0.030002 1
0.030211 1
0.030571 1
0.029908 1
0.177709 1
0.172404 1
0.159489 1
0.451860 3
0.579555 273
0.064642 272
0.763082 2
0.001340 14
0.011033 32
0.000075 2
41.474015 7
0.001285 49
0.016625 81
0.000051 2
0.001451 8
0.000104 108
70.612915 1
1.441739 4
0.624266 1
0.070782 1
285.289228 4
0.089807 4
0.139255 1
3.607249 1
0.301373 1
1.299647 2
0.000599 9
0.014095 8
0.000086 72
2.359355 2
0.000020 60
0.000156 1
0.000052 1
2.192985 159
1.238857 4
0.173842 4
0.135498 1
1.476509 82
1.432299 142
0.398478 37
4.867333 2
0.247656 4
1.009422 8
0.000276 72
23.198098 55
0.911642 159
0.634378 118
0.539777 299
0.561901 152
0.000372 172
0.405802 241
6.026475 77
673.754317 117
0.111887 135
0.157248 152
0.000046 172
0.160232 299
0.159879 84
0.000156 87
0.494609 57
0.377730 81
0.000032 2
0.000043 76
1.506752 1
0.632516 1
0.123160 1
0.401964 1
0.799115 1
0.671539 7
3.863618 19
0.000539 94
2.212183 1
0.075414 1
0.223070 1
0.618709 1
0.112617 6
0.813769 2
0.000043 9
0.000543 8
0.000228 108
1.900489 10
0.381337 18
0.350091 69
1.016603 117
0.000326 2
0.000046 130
0.423007 118
12.908196 1
0.175634 1
0.163873 1
0.196442 1
0.187814 1
0.190914 1
0.188771 1
0.396258 1
0.190054 1
0.193920 1
0.798079 40
0.153625 37
0.173283 34
0.182114 31
0.169991 28
0.234052 25
0.218554 22
1.256391 21
0.255149 24
0.728426 27
0.137292 30
2.276406 35
0.906585 36
0.267177 21
0.270030 21
0.238142 21
0.596450 25
0.123519 21
0.253868 21
0.209982 21
3.857365 1
0.225532 1
0.197889 1
0.726212 1
0.207994 1
0.191959 1
0.216062 1
0.191462 1
0.216450 1
0.222945 1
0.285261 1
0.241868 1
0.173899 1
0.500144 204
0.029580 1
0.029917 1
0.029972 1
0.029949 1
0.029978 1
0.029956 1
0.030309 1
0.030571 1
0.030365 1
0.029992 1
0.030989 1
0.029482 1
0.031392 1
0.029661 1
0.030106 1
0.030181 1
0.029929 1
0.030729 1
0.029634 1
0.030228 1
0.030609 1
0.030386 1
0.030711 1
0.030415 1
0.030187 1
0.029408 1
0.030846 1
0.030524 1
0.029669 1
0.030171 1
0.031188 1
0.031169 1
0.030768 1
0.031946 1
0.028967 1
0.029543 1
0.030032 1
0.029772 1
0.030367 1
0.030911 1
0.030333 1
0.030983 1
0.028728 1
0.030020 1
0.030910 1
0.030049 1
0.029885 1
0.030022 1
0.030463 1
0.030377 1
0.029901 1
0.030043 1
0.029863 1
0.030461 1
0.030476 1
0.030031 1
0.031986 1
0.028915 1
0.029859 1
0.031572 1
0.031146 1
0.031401 1
0.422134 1
0.617536 105
0.141213 102
0.184161 99
0.157908 96
0.162199 494
0.152010 288
0.194074 285
1.946543 284
0.289640 287
0.579718 92
0.133582 95
0.725061 100
0.347405 101
0.270016 104
0.209672 107
0.370193 110
0.281934 113
0.206401 116
2.565635 2
0.000019 1
0.001579 11
0.148033 36
0.000742 2
86.838128 8
0.000185 108
25.805541 113
0.225835 113
5.005283 1
0.036324 1
2.091057 11
0.065099 108
0.000058 112
0.000027 124
0.000484 2
0.000041 2051
0.006146 116
8.741279 2
0.299278 126
3.890020 1
0.499980 1
0.029829 1
0.030872 1
0.030580 1
0.030019 1
0.029999 1
0.030011 1
0.029969 1
0.030464 1
0.029488 1
0.030307 1
0.029347 1
0.031077 1
0.029863 1
0.030391 1
0.028759 1
0.030352 1
0.029648 1
0.030485 1
0.030097 1
1.284555 3
0.299736 3
15.506159 263
4.629059 1
0.498916 1
0.030408 1
0.030455 1
0.030157 1
0.030491 1
0.029409 1
0.029882 1
0.029864 1
0.029834 1
0.031059 1
0.030560 1
0.029597 1
0.030081 1
0.029762 1
0.030463 1
0.030184 1
0.029961 1
0.029784 1
0.029994 1
0.030989 186
0.030685 1
0.028988 1
0.030009 1
0.030049 1
0.029835 1
0.031205 1
0.029968 1
0.029951 1
0.030337 1
0.029720 1
0.029580 1
0.030138 1
0.030942 1
0.029987 1
0.029934 1
0.029949 1
0.030248 1
0.031020 1
0.029655 1
0.030441 1
0.030594 1
0.030047 1
0.029334 1
0.031424 1
0.030992 1
0.029265 1
0.030350 1
0.029112 1
0.030013 1
0.030471 1
1.002678 86
0.160932 86
0.190172 86
0.236023 86
0.640478 82
0.201320 82
1.651317 3
0.413731 3
4.988116 3
0.491907 3
0.500153 3
0.031379 3
0.028377 3
0.029981 3
0.030486 3
0.030297 3
0.027725 3
0.031416 3
0.030549 3
0.030191 3
0.028988 3
0.030816 3
0.031279 3
0.029153 3
0.030149 3
0.029928 3
0.029914 3
0.029846 3
0.030254 3
0.030074 3
0.207207 3
0.201919 3
0.176024 3
4.467649 108
0.022764 104
4.851648 3
0.820068 3
10.846609 3
0.000011 11
0.073559 38
323.835104 143
0.026672 8
0.000049 108
46.793973 113
0.072422 113
11.296947 1
0.883924 4
92.224083 1
0.019488 1
0.144513 1
0.227997 1
2.824331 1
0.416597 1
0.323124 1
0.179935 1
0.127815 1
0.128042 1
0.508348 1
2.184328 1
0.107347 1
4.108259 4
0.164597 4
0.161291 4
0.802615 1
1.435362 1
0.292036 1
2.968661 1
0.964102 1
0.119027 1
0.629962 1
0.120011 1
6.340507 1
1.987485 1
1.448326 1
0.468025 1
4.366485 1
0.789489 1
0.307900 1
0.577874 1
1.620227 1
0.359906 1
0.381849 1
1.624102 1
0.305981 1
0.296338 1
0.890676 1
0.231017 1
0.322103 1
0.149855 1
1.568292 1
0.861779 1
0.311756 1
0.494253 1
0.103545 1
1.808346 1
1.150911 4
0.181165 4
0.178015 4
0.171956 4
0.339943 4
0.510204 1
0.535777 1
0.138037 1
0.191832 1
0.186808 1
0.127721 1
0.916252 1
1.725610 1
0.181883 1
0.143713 1
0.685961 2
0.001513 9
0.129333 41
0.003592 8
0.000042 108
19.939008 47
0.733753 11
38.174846 57
0.002329 116
46.522385 1
0.167719 1
0.137736 1
0.222141 1
1.694168 1
0.207840 1
1.277398 7
1.818644 1
0.466294 1
0.184551 4
1.839011 1
0.133323 1
0.000599 6
0.730337 1
0.251286 5
1.436564 1
0.415861 1
1.038960 4
0.181335 4
0.585841 1
1.108699 1
0.347229 1
0.770865 1
0.112689 1
0.852633 1
0.302228 1
0.419741 1
1.535800 1
0.145940 1
0.821949 1
2.297285 1
0.542540 1
0.092041 1
0.224254 1
2.468633 11
2.993167 141
0.032160 8
0.000048 108
3.658727 1
0.197254 1
0.522137 1
0.135608 1
0.168346 1
0.275940 1
1.822051 1
0.093343 1
0.193320 1
0.565544 1
0.375794 1
0.420014 1
0.356044 1
0.113849 1
0.370172 1
0.155847 1
0.903256 1
0.733364 1
0.639442 1
0.134137 1
1.609780 1
0.514079 1
0.334044 1
0.257855 1
0.450338 1
0.117638 1
1.801887 11
0.290720 37
3.357052 2
0.433384 50
1.111800 114
0.047024 66
0.000185 66
0.078583 67
0.000934 67
0.227265 76
0.000955 2
0.000083 76
0.013471 63
0.004399 73
0.000046 2
0.388882 38
0.008035 19
0.807132 77
0.000542 2
0.000130 11
0.000039 2
0.096306 194
0.003801 87
0.063973 58
0.001040 2
0.000173 148
0.000042 2
0.014459 29
0.000106 4
0.500717 33
0.500297 52
0.077902 236
0.024177 144
1.968215 1
0.001429 15
0.415772 114
0.293941 40
0.017795 2
0.000168 1
0.000150 40
0.000115 3
0.000364 1
0.000041 352
1.040708 44
0.666460 44
0.184138 43
0.002787 1
1.502870 44
0.118677 44
0.139628 44
0.079288 44
0.090578 44
0.130109 44
0.574078 180
0.019679 85
0.000085 2
0.000251 64
0.000074 96
0.000605 2
0.000179 64
0.000068 96
0.000059 2
0.016287 57
0.000127 2
0.514848 64
0.000592 98
0.128361 91
0.000251 2
0.000235 64
0.000045 96
0.000042 2
0.906687 252
0.005379 35
0.000171 112
0.000488 56
0.000517 2
0.044328 300
0.035439 66
0.025321 64
0.000103 96
0.000060 2
0.016367 64
0.000143 96
0.000094 2
0.059052 83
0.000753 2
0.438641 80
0.000885 2
3.239772 136
0.907194 2
0.000202 15
0.000044 3
5.916191 7
0.000196 1
0.000116 2
0.000085 4
0.000061 52
0.000446 4
0.000115 2
0.011121 8
0.000062 108
41.747968 26
0.146970 69
1.149135 11
0.105800 64
0.036379 64
0.013144 8
0.000798 108
3.586180 1
0.180069 1
0.281092 1
0.115676 1
0.879159 4
0.473215 1
0.134489 1
0.618009 1
0.279793 1
0.488101 1
1.512576 1
0.155856 1
0.286921 1
0.592797 1
1.426940 1
0.271817 1
0.605414 1
0.573709 1
0.755251 11
2.175245 11
0.034132 8
0.000064 108
2.722436 1
0.231654 1
1.324318 1
0.406559 1
0.146743 11
2.253280 11
0.127951 36
0.000032 2
0.003697 47
0.006269 2
0.002071 47
0.000104 2
0.004778 36
0.000044 2
0.001270 8
0.000975 108
18.184596 1
0.116960 1
0.615143 2
0.000191 9
0.000014 8
0.000096 72
1.365485 1
0.260946 1
0.946504 1
0.124674 1
0.344766 2
0.000080 9
0.000767 6
