0.025571 18
0.000055 10
0.000063 72
0.848035 4
0.776667 23
0.371328 26
0.163821 7
14.514438 4
0.259166 23
1.007351 26
0.299314 21
0.499107 68
0.935221 107
0.155628 24
0.180001 23
0.394206 26
0.311792 7
1.883638 1
0.237586 1
0.363178 1
0.424393 1
0.069447 1
1.264903 1
0.538011 1
0.191710 1
1.100984 1
0.191326 1
0.796469 1
0.475484 1
0.196011 1
0.235911 1
0.225921 1
0.158010 1
2.833829 2
0.001263 9
0.004599 8
0.000082 72
1.390361 1
0.091864 1
0.272318 1
0.302070 1
0.131570 1
0.342006 1
0.272135 1
1.158076 1
0.880761 7
2.277372 2
0.000212 9
0.000469 8
0.000177 94
5.157369 1
0.111441 1
0.530125 1
0.383666 1
0.444509 1
0.395778 1
0.181928 1
2.166812 1
0.673276 1
1.072812 1
0.827833 1
0.111584 1
0.266866 1
0.448832 1
0.360310 1
0.524078 1
0.113282 1
0.872943 1
0.469515 1
0.140075 1
0.141869 1
2.384942 2
0.001973 9
0.025406 8
0.000277 94
1.863502 1
0.099786 1
1.380098 1
0.285926 1
1.532065 1
0.149950 1
0.406219 1
2.593883 1
1.032902 1
0.379094 1
0.236482 1
1.553895 1
0.651365 1
0.524421 1
0.299823 1
0.234146 1
0.277942 1
0.144036 1
0.103770 1
0.132242 1
0.542116 1
0.373812 1
0.119647 1
0.134139 1
1.972466 11
0.010697 8
0.000062 94
1.025788 1
0.107248 1
1.207587 1
0.530927 1
1.174481 1
0.176830 1
0.366429 1
0.602151 1
1.825776 1
0.247681 1
0.584070 1
1.618167 1
0.439738 1
1.338046 1
0.842244 1
0.428358 1
0.353961 1
0.181359 1
0.198049 1
0.324095 1
0.918702 1
0.130117 1
0.182884 1
2.450144 11
0.031145 8
0.000207 94
2.634670 1
0.286125 1
0.249777 1
0.174820 1
1.900213 1
0.249184 1
0.508057 1
0.211788 1
0.228197 1
0.225790 1
0.666866 4
0.081064 1
0.186325 1
4.774530 1
0.143573 1
0.427937 10
1.729935 1
0.210034 1
0.288384 9
4.293889 11
0.044324 21
0.000715 15
0.000433 2
0.000038 20
0.001986 15
0.000298 2
0.001970 8
0.000297 94
3.939480 1
0.632699 1
0.213341 1
0.228153 1
0.912574 1
0.519430 1
0.160479 9
2.404036 1
0.162305 9
2.177459 2
0.000098 9
0.004999 19
0.000946 15
0.000065 2
0.001887 8
0.000080 94
5.037502 1
0.476038 1
0.462120 1
0.445897 1
0.077703 1
1.494346 1
0.974567 1
0.175691 1
1.010345 1
0.175076 1
1.652480 11
0.005279 8
0.000078 94
3.073547 1
0.048217 1
0.951883 4
0.136735 4
0.668756 1
0.683982 1
0.469444 1
0.533910 1
0.133696 1
0.228843 10
1.595389 1
0.188466 10
2.224167 1
0.140515 9
1.352739 1
0.161360 4
2.460922 11
0.034873 8
0.000265 94
4.964722 1
0.145904 1
1.158774 1
0.167353 1
1.168596 1
0.097535 1
1.101128 1
0.546714 1
0.389935 1
0.260620 9
1.078471 1
0.207723 1
0.176457 1
0.175541 1
0.156440 1
1.230949 5
0.073340 5
0.435526 3
0.105525 3
0.174280 3
0.188200 3
0.870130 5
0.362885 3
0.216521 6
3.291796 11
0.004084 27
0.000304 2
0.000020 25
0.001696 15
0.000420 2
0.000066 24
0.000351 15
0.000053 2
0.000056 26
0.000844 15
0.000036 2
0.001683 8
0.000080 94
4.232450 1
0.226716 1
0.190893 1
0.161887 1
2.122904 1
0.145035 1
2.063116 1
0.285389 1
0.509730 1
0.335821 1
0.252553 1
0.000535 3
1.409103 1
1.508254 1
0.952615 1
0.953750 4
0.425172 1
0.422102 1
0.161837 1
0.220057 1
0.808884 1
6.046893 11
0.008618 8
0.000111 94
0.775177 20
1.491332 1
0.499349 1
0.031064 1
0.029271 1
0.030412 1
0.030078 1
0.029921 1
0.029411 1
0.031311 1
0.030356 1
0.029949 1
0.030130 1
0.366920 1
0.655440 5
1.233617 5
1.835639 11
0.001496 15
0.000995 12
0.000062 2
0.000027 25
0.001059 15
0.003165 2
0.000040 24
0.000276 15
0.000036 2
0.000133 26
0.000472 15
0.000088 2
0.001583 8
0.000124 94
4.825085 1
0.507616 1
0.685394 1
0.212454 1
0.200084 1
1.124968 1
1.119651 1
0.962773 1
1.127185 1
0.261430 1
0.535537 1
0.000280 4
0.754884 1
2.098219 1
0.863097 1
0.493887 1
0.344087 1
5.306082 11
0.006211 298
0.001142 8
0.000041 94
5.249162 19
0.410301 1
0.164004 1
0.168020 1
0.152126 1
1.151768 13
0.052823 9
0.994936 11
0.006783 20
0.000730 2
0.000209 34
0.000025 2
0.001482 292
0.000504 8
0.000094 94
21.081903 1
0.437623 1
0.718482 1
0.361687 1
0.190110 1
1.245685 1
0.656888 1
1.047465 1
0.262664 1
0.461060 1
0.606966 1
0.221885 1
0.000340 3
1.537129 1
0.209669 1
1.231306 4
3.179823 11
0.004602 188
0.000029 2
0.000032 52
0.000027 2
0.003361 8
0.000076 94
26.427414 1
0.085212 1
0.196247 1
0.221973 1
1.770254 1
0.585646 1
0.113948 1
0.763059 1
1.005984 1
0.141972 1
0.519197 1
1.194874 1
0.373008 1
0.839922 1
0.164731 1
0.619590 1
1.751812 1
1.714089 1
0.712789 1
0.219157 1
0.351812 1
0.238544 1
0.413667 1
0.290436 1
1.938124 1
1.671257 1
0.580285 1
3.795748 1
0.230039 1
0.665033 1
0.657705 1
0.433398 1
0.133738 1
0.364694 1
0.749526 1
0.303980 1
0.201901 1
8.156489 11
0.124421 8
0.000300 94
4.631006 1
1.146705 4
23.673484 1
0.249831 1
0.954640 1
0.149468 1
0.658627 1
0.575102 1
0.120309 1
0.000338 3
1.431537 1
1.285158 1
0.663586 1
0.316162 10
1.963244 2
0.000042 9
0.003723 20
0.756641 14
0.003739 2
0.000305 102
5.100174 1
0.153008 1
0.230170 1
1.695779 1
0.622616 1
0.059562 1
1.868492 1
0.695952 1
0.169426 1
0.591938 1
2.054143 1
0.336227 1
0.364488 1
0.125244 1
0.000037 3
0.879860 1
1.772507 1
0.900221 1
0.231601 10
4.722994 11
0.006530 20
0.759754 14
0.000539 2
0.001229 102
35.751223 1
1.483654 1
0.243905 1
0.536075 1
0.083448 1
0.851232 1
0.745436 1
0.644391 1
0.375506 1
0.116238 1
0.700384 1
0.143596 1
1.110683 1
2.181507 2
0.001960 9
0.022220 8
0.000119 94
1.201279 1
0.299898 1
0.610791 1
0.309407 1
0.208024 1
1.472042 1
0.304299 1
0.909491 1
0.535913 1
0.175697 1
1.304969 1
0.529380 1
0.234053 1
1.062708 1
0.335508 1
0.215783 1
1.486132 1
0.854174 1
0.112285 1
0.589500 1
1.987898 1
0.578214 7
1.925523 11
0.024688 20
0.000089 2
0.000147 37
0.209858 2
0.004047 8
0.000093 94
45.836601 28
0.103857 46
0.276007 1
0.442055 3
0.746588 4
0.050878 1
3.288555 11
0.007416 8
0.000654 94
0.763655 13
0.210174 41
1.425953 1
0.252033 1
0.203919 1
0.344076 1
0.306101 3
0.189767 3
0.149759 3
0.715874 7
0.105511 3
0.581046 1
0.500231 1
0.030817 1
0.029738 1
0.030615 1
0.030250 1
0.030875 1
0.029071 1
0.030218 1
0.030439 1
0.030722 1
0.519138 1
0.175891 1
0.181989 1
0.181624 1
1.899781 5
0.082893 5
1.316688 5
0.083642 5
8.147389 11
0.004742 20
0.000133 2
0.004087 37
0.229711 2
0.000964 8
0.000039 94
60.937746 1
0.925690 1
0.159856 1
1.280021 1
0.126066 1
0.205747 1
1.112469 1
0.746311 1
0.172012 4
1.193098 2
0.000040 9
0.131256 102
14.209685 1
0.593451 1
0.747682 1
0.178319 1
0.185830 1
1.196658 1
0.485385 1
0.362177 1
0.204134 1
0.000093 3
0.633292 1
0.753272 1
0.929204 1
0.657652 1
0.226013 1
3.157505 11
0.006317 20
0.000494 2
0.010474 37
0.002228 2
0.000124 37
0.000180 2
0.000139 37
0.000062 2
0.000564 8
0.000037 94
4.425538 16
0.690272 32
0.315175 28
0.658504 1
0.201491 1
0.169812 1
0.190126 1
1.533662 13
0.081283 9
1.966369 2
0.002352 9
0.006227 20
0.000137 2
0.000699 18
0.000440 2
0.000255 39
0.000318 37
0.000080 2
0.000239 37
0.000201 2
0.001284 102
20.186006 1
0.077501 1
0.188155 1
0.374062 1
0.375149 1
1.955015 2
0.000911 9
0.061261 16
0.000507 84
0.000567 742
0.001363 8
0.000172 94
23.935239 1
0.041230 1
0.679381 1
0.147035 1
0.841123 1
13.567367 1
1.446795 1
0.421554 1
0.000366 5
1.646943 1
0.551293 1
2.128977 11
0.002451 16
0.000971 70
0.002572 102
2.218598 14
0.619768 1
1.063106 7
0.090377 3
1.867101 11
0.008063 16
0.000293 2
0.000558 66
0.000080 2
0.000817 8
0.000232 94
0.677719 14
0.340652 1
0.305304 3
0.376068 1
1.360716 7
0.168139 7
0.184107 7
0.175999 7
0.167979 7
0.178181 7
0.192078 7
0.752907 3
0.707665 3
0.685131 3
0.155760 3
2.419951 11
0.007713 13
0.000048 65
0.000473 2
0.000826 62
0.000261 66
0.000043 2
0.000239 8
0.000063 94
16.358471 99
0.089321 99
27.220964 1
1.120509 1
0.724382 1
1.079482 1
0.163766 1
0.614222 1
0.159494 1
0.370906 10
1.991054 2
0.000040 9
0.005591 8
0.000797 94
6.579864 1
0.722631 1
0.379221 1
0.224020 1
2.235918 1
0.471997 1
0.130076 1
1.198919 1
0.497043 1
0.158438 9
2.467480 1
1.280111 1
1.085193 1
0.151348 9
1.437496 4
0.432028 1
2.016520 1
0.104852 1
2.272813 11
0.003085 8
0.000073 94
5.300504 1
0.410239 1
0.557961 1
0.209995 1
0.331911 1
0.206368 1
2.143704 1
0.700576 1
1.055939 1
0.375402 1
0.656885 1
0.579138 1
0.359043 13
6.113336 11
0.009212 8
0.000296 94
7.021207 1
0.737444 1
0.147686 1
1.096424 1
0.235359 1
1.236199 1
1.221476 1
0.134758 1
0.511537 1
0.119079 10
7.266739 11
0.009313 102
3.723206 1
0.620403 1
0.259326 1
1.161922 1
0.105717 1
0.422418 1
0.882745 1
0.725209 1
0.684089 1
0.121921 1
0.258571 12
7.269115 2
0.000040 9
0.001714 64
0.001843 2
0.000165 57
0.000028 2
0.000688 8
0.000835 94
73.039977 1
0.567032 1
0.916815 1
0.812162 1
0.078613 1
1.332575 4
0.091619 1
1.218604 1
2.937580 1
0.218087 1
0.696652 1
0.221238 1
0.658633 1
1.010023 1
0.317472 1
0.147651 1
0.359200 1
3.705237 2
0.000021 9
0.004534 8
0.000121 94
1.469115 1
0.218244 1
0.241746 1
3.161221 1
1.582850 1
1.864787 1
0.134244 1
1.987601 1
1.239344 1
0.182679 9
1.859868 2
0.000199 9
0.039943 8
0.000294 94
2.109743 1
0.131236 1
0.596306 1
0.962347 1
0.115431 9
2.071824 2
0.000039 9
0.000186 8
0.000043 114
28.126033 1
0.095751 1
0.722571 1
0.139551 1
0.384098 1
0.243866 1
1.262617 1
0.449611 1
0.248461 14
2.849055 11
0.008365 122
3.593009 1
0.190856 1
0.456591 1
0.343471 1
0.296083 1
0.179813 1
1.477107 1
0.184061 1
0.183933 1
0.170019 1
0.589200 13
0.491183 9
0.918088 1
0.615351 1
0.347353 3
0.200725 3
0.184196 3
0.172092 3
0.442894 1
5.936548 1
0.181148 1
0.316233 1
0.797130 1
0.577984 12
2.462838 1
1.015023 1
0.967273 1
0.160361 12
0.904378 1
0.731181 7
0.157749 7
0.366599 7
4.360199 11
0.006529 8
0.001242 114
6.519926 1
0.400217 1
0.285303 1
0.862707 1
0.209352 1
0.209818 1
2.380788 1
0.249480 1
1.994027 1
0.151826 1
0.600625 1
0.117874 13
2.303747 2
0.000041 9
0.007751 8
0.000043 114
48.653299 1
0.007109 1
0.355577 1
0.251888 1
0.163974 1
0.702890 19
0.000296 94
2.823212 1
0.091375 1
1.311075 1
0.221586 1
0.379485 1
2.546237 1
0.422123 2
0.000019 9
0.007156 16
0.000128 2
0.000043 82
0.000048 2
0.000057 78
0.000089 2
0.000094 158
0.000054 77
0.000042 77
0.000051 2
0.000093 74
0.000212 77
0.000035 68
0.000031 83
0.000019 67
0.000355 2
0.000033 80
0.000031 84
0.000299 68
0.000017 2
0.000651 8
0.000050 94
4.156374 1
0.112107 1
0.341685 1
0.194042 1
0.268102 1
1.864299 1
1.157925 1
0.308016 1
1.166818 1
0.215553 7
1.835918 2
0.000126 9
0.006314 13
0.003550 2
0.000118 63
0.000022 2
0.000038 82
0.000021 2
0.000026 62
0.000020 2
0.000026 77
0.000021 2
0.000025 64
0.000020 2
0.000551 8
0.000042 94
18.858720 1
0.152026 1
0.151852 1
1.480023 1
0.082139 1
0.000436 9
1.130032 1
1.998005 1
0.166329 1
0.000358 9
0.643600 1
0.917820 1
0.482255 1
0.191869 1
0.261069 9
1.595175 11
0.002359 8
0.000039 94
2.756466 1
0.222460 1
0.605609 1
0.270301 1
0.122437 9
1.419242 1
0.407905 1
0.146222 1
0.000049 8
0.923309 1
0.135325 1
0.163911 1
0.160147 1
0.257953 1
0.594290 3
0.196894 9
0.087252 9
1.005926 13
0.774914 11
0.004842 8
0.000083 94
0.425848 23
0.987346 26
1.289909 1
0.162398 1
0.151801 1
0.980457 1
0.122275 14
1.969892 1
1.808210 7
0.202999 7
0.198068 7
3.329879 5
0.509862 3
0.272517 15
1.235526 7
0.157724 7
0.476411 7
0.661715 1
0.187137 1
0.177955 1
0.169859 1
0.279243 5
2.505775 2
0.000866 9
0.005339 4
0.000086 64
0.001474 56
0.000215 2
0.000484 8
0.000073 94
100.322626 1
0.112773 1
0.954883 1
0.407333 1
0.113951 1
0.930585 1
0.930379 1
0.233809 13
1.035471 4
0.175809 4
0.180934 4
1.459428 11
0.005546 8
0.000978 94
0.692959 17
0.340578 45
0.992303 11
0.002132 4
0.093578 75
0.001318 2
0.000553 8
0.000978 94
20.378774 1
0.212673 1
0.233166 1
0.175353 1
0.820881 1
0.141970 1
1.035979 1
0.125760 1
0.842965 1
1.172564 1
0.370808 1
0.305986 1
0.242104 1
0.796900 1
0.544812 1
0.161996 1
0.123570 1
1.310695 11
0.098913 102
10.596329 17
0.517737 45
1.844989 2
0.000666 9
0.006366 8
0.000118 94
29.782916 1
0.137735 1
0.136029 1
1.112205 1
0.700351 1
0.297527 1
0.470163 1
0.712476 1
1.411589 1
0.393880 1
0.339798 1
0.263993 1
0.105739 1
0.258238 1
1.326077 1
0.243956 1
0.828710 1
0.565487 1
0.199902 1
1.048903 1
0.763719 1
0.559214 1
0.000509 6
1.562335 1
0.419337 1
1.170088 1
0.183681 1
0.117339 1
0.657066 1
1.065914 1
0.171488 1
0.347858 1
0.000481 4
0.484149 1
0.640449 1
1.027559 1
0.158226 1
0.197704 1
0.674980 1
0.510417 1
0.310549 1
0.359562 1
0.000284 3
0.950743 1
0.201511 1
0.819906 1
0.133853 1
0.186195 1
13.616506 11
0.008681 12
0.001563 27
0.000017 8
0.000383 94
21.382901 1
0.064177 1
0.117390 1
0.758579 1
0.538065 1
0.716024 1
0.213937 1
1.427794 1
0.307871 1
2.417850 4
0.156577 4
0.651938 1
0.395013 1
0.290358 1
0.368384 1
1.168669 4
0.125093 1
0.721086 1
0.263305 1
0.773025 1
0.120785 1
0.151636 1
1.642579 11
0.005875 5
0.000174 124
0.000061 2
0.000084 65
0.000121 2
0.000108 68
0.000155 2
0.001414 8
0.000040 94
1.658598 14
0.848863 1
0.498788 1
0.029912 1
0.029758 1
0.029693 1
0.030177 1
0.029750 1
0.030199 1
0.029920 1
0.030273 1
0.030448 1
0.659334 3
0.305038 1
0.638993 3
0.164181 21
0.494896 1
1.607469 23
1.622920 23
0.126496 23
0.736232 23
0.187956 25
1.359779 11
0.008297 62
0.000396 63
0.000052 64
0.000543 2
0.000586 8
0.001008 94
30.947424 1
0.173871 1
0.972796 1
0.149317 1
0.912541 1
0.371519 1
0.826715 4
0.307328 1
2.449253 4
0.336183 2
0.132634 2
0.950527 4
0.163201 4
0.196091 4
1.794585 2
0.179729 2
0.181961 2
0.267876 2
1.018360 1
0.411843 2
0.443785 2
0.173993 2
0.144300 2
0.137873 2
0.167999 2
0.704412 1
0.223508 1
0.644227 2
0.874111 4
3.791332 1
1.438075 1
1.022009 1
0.137862 1
0.946749 1
0.862516 1
0.112514 1
0.254169 1
0.000597 4
0.433610 1
0.964885 1
0.177208 4
1.752134 2
0.000021 9
0.000943 102
0.739746 48
0.554188 1
0.513912 1
0.201774 1
0.206241 1
0.450084 1
0.499787 1
0.030084 1
0.029311 1
0.030245 1
0.030113 1
0.029832 1
0.030198 1
0.030833 1
0.209356 1
0.191822 1
0.176378 1
0.131816 1
0.595167 5
0.085117 5
0.879318 19
0.000490 94
0.876199 48
0.312898 1
0.500876 1
0.034249 1
0.029973 1
0.028589 1
0.030597 1
0.028962 1
0.030154 1
0.030703 1
0.030028 1
0.030037 1
0.030228 1
0.031227 1
0.030171 1
0.029715 1
0.147328 1
0.151982 1
0.659708 5
0.053666 5
1.857934 11
0.000534 102
0.800937 48
0.347251 1
0.636006 1
0.329988 1
0.200016 1
0.164110 1
0.157953 1
0.995203 5
0.169831 5
0.166296 5
0.159405 5
0.162015 5
0.162179 5
0.722762 5
0.678548 5
0.268788 5
0.191944 5
0.217972 5
0.855541 1
0.309560 1
0.500085 1
0.029606 1
0.029654 1
0.030365 1
0.029579 1
0.030245 1
0.029857 1
0.031287 1
0.029687 1
0.030461 1
0.314966 3
0.198107 3
0.769394 5
0.062946 5
1.304861 113
0.645317 47
0.347386 1
0.392100 1
0.205967 1
0.500032 1
0.030139 1
0.030271 1
0.030408 1
0.031129 1
0.029869 1
0.030773 1
0.029579 1
0.030970 1
0.029806 1
0.031437 1
0.171733 1
0.173735 1
0.643739 5
0.071510 5
1.852164 2
0.000501 9
0.000363 8
0.000227 94
1.152357 47
0.344849 1
0.242444 1
0.271766 1
0.176121 1
0.500058 1
0.030754 1
0.028895 1
0.030460 1
0.030638 1
0.029834 1
0.029898 1
0.030475 1
0.029673 1
0.030207 1
0.030397 1
0.112726 1
0.685729 5
0.068953 5
2.351044 19
0.000308 94
1.163987 1
0.051258 1
0.395733 1
0.159908 1
0.852634 4
0.147792 4
4.356464 1
5.421563 1
1.170505 1
0.847896 1
0.198470 5
1.368519 1
0.347947 1
0.881049 1
0.149142 1
0.055294 1
0.869821 11
0.304469 75
0.008092 29
0.000038 28
0.000028 6
0.000112 8
0.000051 33
0.000529 20
0.000018 3
0.000041 137
0.000027 6
0.000119 6
0.000040 108
0.000046 195
0.000033 33
0.000036 72
0.000121 189
0.000225 5
0.000028 21
0.000025 23
0.000026 26
0.000024 15
0.000026 17
0.000025 8
0.000024 13
0.000025 16
0.000025 19
0.000026 19
0.000065 19
0.000028 15
0.000026 14
0.000024 16
0.000026 16
0.000025 16
0.000024 16
0.000025 16
0.000036 16
0.000020 16
0.000020 19
0.000020 10
0.000006 12
0.000051 104
1.925717 6
0.000835 12
0.041522 18
0.000222 18
0.000177 18
0.000387 18
0.114945 6
0.000015 12
0.000218 18
0.316072 22
0.023779 31
0.011160 18
0.000172 5
0.013538 6
0.000343 12
0.000413 28
0.014357 23
0.000238 23
0.000108 6
0.000242 12
0.000056 5
0.014642 18
0.000092 5
0.012992 23
0.000074 6
0.000188 47
0.020854 57
0.000202 6
0.000183 12
0.000105 16
0.000058 18
0.000063 16
0.000044 16
0.000043 11
0.068750 6
0.001414 106
0.261696 6
0.000077 12
0.000062 16
0.000534 8
0.000173 111
0.042196 6
0.000173 12
0.000502 16
0.000021 15
0.000199 99
0.062645 6
0.000265 12
0.000630 34
0.000041 14
0.000036 16
0.000037 19
0.000035 14
0.041184 6
0.000148 12
0.000167 16
0.000013 18
0.000046 19
0.000060 13
0.000032 25
0.035178 85
0.001813 6
0.000078 12
0.000046 16
0.000044 18
0.000039 25
0.068353 6
0.000075 12
0.000328 42
0.000084 6
0.000114 49
0.000193 49
0.000036 8
0.002359 18
0.000094 16
0.000016 23
0.188018 6
0.000224 58
0.000945 6
0.000074 12
0.000074 16
0.000095 58
0.014879 6
0.000068 12
0.000053 16
0.000085 15
0.000551 13
0.000082 6
0.000042 12
0.000083 38
0.000054 6
0.000033 12
0.000038 16
0.000041 15
0.000140 9
0.000679 6
0.000241 43
0.000011 5
0.009704 18
0.000190 16
0.000062 15
0.000052 18
0.000048 6
0.000080 12
0.000060 16
0.000064 18
0.000055 10
0.000020 12
0.000031 9
0.011209 6
0.000104 12
0.000103 16
0.000047 18
0.001040 17
0.000028 34
0.000006 8
0.007687 6
0.102900 221
0.013895 18
0.015604 6
0.000161 12
0.000435 18
0.031514 6
0.000279 12
0.062004 6
0.001395 12
0.000278 18
0.061857 6
0.000056 12
0.000337 6
0.000112 12
0.000217 18
0.000347 18
0.013151 18
0.000264 6
0.000038 12
0.000641 18
0.000098 18
0.009523 18
0.000228 18
0.000427 18
0.010216 18
0.000605 18
0.000215 6
0.000081 12
0.008538 18
0.000388 6
0.000175 12
0.009552 6
0.000347 12
0.000113 6
0.000133 12
0.009989 6
0.000242 12
0.009661 18
0.000212 6
0.000138 12
0.009543 18
0.000175 6
0.000187 12
0.009867 6
0.000524 12
0.000223 18
0.044111 6
0.001076 12
0.011200 6
0.000264 12
0.000513 6
0.000061 12
0.031792 18
0.000436 18
0.000300 6
0.000067 12
0.031668 6
0.000605 12
0.000111 18
0.060008 6
0.001642 12
0.000280 18
2.497385 71
0.000933 8
0.000045 94
2.986960 15
0.512099 1
0.187828 1
0.170013 1
0.157912 1
0.170054 1
0.782123 15
0.157470 15
0.155454 15
0.168009 15
0.153985 15
0.942665 11
0.239327 11
0.300075 11
0.135805 11
0.085782 11
0.140050 11
1.195637 11
0.010131 8
0.001894 54
0.000041 13
0.000415 29
0.000052 28
0.000040 6
0.001145 8
0.000053 33
0.000043 14
0.000089 6
0.000744 3
0.000163 137
0.000292 12
0.000363 108
0.000084 195
0.000054 33
0.000027 72
0.001348 189
0.000199 5
0.000051 6
0.000197 489
1.922110 6
0.000656 16
0.009287 6
0.000131 12
0.000274 4
0.000113 22
0.000389 6
0.000040 12
0.000087 5
0.008397 18
0.000010 5
0.000330 18
0.000111 5
0.000099 6
0.000025 12
0.000010 5
0.009696 6
0.000341 17
0.011535 6
0.000909 5
0.000040 3
0.000023 12
0.000032 5
0.000029 6
0.000031 12
0.000027 5
0.007968 6
0.000514 12
0.000134 14
0.000071 15
0.000101 13
0.012997 6
0.000019 12
0.000152 45
0.000073 6
0.000149 12
0.000177 16
0.000196 18
0.000153 9
0.000062 12
0.000018 6
0.007936 18
0.000016 16
0.000042 11
0.000034 7
0.000031 15
0.000025 11
0.000109 83
0.008000 6
0.001014 12
0.000012 91
0.039840 6
0.000535 12
0.000829 16
0.000016 18
0.000036 9
0.000036 24
0.000034 15
0.000034 15
0.000063 16
0.000043 13
0.000087 26
0.000009 15
0.014162 6
0.000313 12
0.000094 16
0.000099 71
0.014990 6
0.000237 89
0.016846 6
0.000161 12
0.000071 16
0.000273 18
0.000050 14
0.000134 8
0.000299 14
0.000019 8
0.029463 6
0.000013 12
0.000090 16
0.000097 18
0.000053 12
0.000011 28
0.000051 6
0.016076 6
0.000196 28
0.000048 18
0.000052 9
0.000065 22
0.000032 7
0.015270 6
0.000041 12
0.000111 16
0.000094 18
0.000031 12
0.000025 12
0.000113 65
0.046799 6
0.000257 12
0.000504 16
0.000044 18
0.000061 92
0.012387 6
0.000220 52
0.000330 6
0.000145 12
0.000042 16
0.000072 18
0.000057 46
0.009541 6
0.000123 12
0.000154 16
0.000033 18
0.000060 13
0.000032 14
0.000010 27
0.013294 112
0.007411 6
0.000158 12
0.000094 16
0.000061 18
0.000029 16
0.000052 37
0.000010 13
0.011798 6
0.000100 12
0.000129 89
0.007708 6
0.000160 12
0.000714 16
0.000009 18
0.000067 47
0.010150 6
0.000144 12
0.000075 16
0.000062 18
0.000039 16
0.000024 12
0.000020 13
0.000031 6
0.009690 18
0.000132 16
0.000050 18
0.000165 9
0.001396 13
0.000054 9
0.000050 8
0.007949 6
0.000152 28
0.000047 18
0.000060 19
0.000046 23
0.000046 12
0.000038 10
0.042986 6
0.000379 12
0.000962 63
0.000263 43
0.000010 36
0.014387 6
0.000478 12
0.000109 34
0.000148 11
0.000016 11
0.000095 13
0.000014 11
0.031113 6
0.000015 12
0.000939 134
0.011648 6
0.000237 12
0.000177 16
0.000080 18
0.000057 18
0.000072 16
0.000012 14
0.000056 12
0.032578 6
0.001341 107
0.031643 60
0.000384 6
0.000138 12
0.002025 80
0.071696 55
0.000511 49
0.000084 6
0.000199 6
0.000077 12
0.000094 31
0.000036 6
0.000084 6
0.000294 28
0.000170 15
0.000038 6
0.019439 6
0.000316 12
0.000158 16
0.000087 18
0.000075 10
0.000011 10
0.000059 10
0.000032 11
0.015653 73
0.000083 6
0.000065 12
0.000061 16
0.000078 18
0.000044 11
0.000027 6
0.008718 18
0.000127 16
0.000070 18
0.000047 19
0.000062 14
0.000010 31
0.010855 18
0.000520 16
0.000237 57
0.010489 6
0.000204 88
0.009340 6
0.000091 12
0.000063 16
0.000609 18
0.000302 42
0.009855 18
0.000127 16
0.000117 75
0.011895 6
0.000106 12
0.000085 16
0.000044 18
0.000113 48
0.005451 18
0.000061 16
0.000080 18
0.000112 12
0.000575 17
0.000011 10
0.000029 4
0.010351 6
0.000104 12
0.001235 16
0.000054 18
0.000058 25
0.000020 10
0.000035 5
0.007453 6
0.000349 12
0.000858 34
0.000012 26
0.000029 17
0.000026 18
0.000025 17
0.028085 6
0.000264 12
0.000055 16
0.000090 33
0.000029 40
0.000042 26
0.016921 6
0.000196 28
0.000073 18
0.000047 8
0.000044 11
0.000042 8
0.000059 11
0.015474 6
0.000209 12
0.000072 16
0.000066 18
0.000047 15
0.000066 13
0.000027 26
0.000054 20
0.014637 6
0.000344 28
0.000258 18
0.000011 20
0.000075 41
0.000011 23
0.014408 6
0.000338 12
0.000052 16
0.000069 18
0.000060 26
0.000010 27
0.000044 28
0.000056 13
0.029342 6
0.000404 12
0.000100 117
0.032477 6
0.000183 12
0.000196 16
0.000047 18
0.000050 14
0.000044 13
0.000042 10
0.000043 18
0.032170 18
0.000065 16
0.000342 98
0.051835 18
0.000714 31
0.000051 22
0.002074 6
0.000223 12
0.000014 71
0.006987 6
0.000058 12
0.000056 16
0.000052 15
0.000029 4
0.000230 6
0.000077 12
0.000049 16
0.000087 50
0.011400 6
0.000066 12
0.000123 46
0.000061 6
0.000054 12
0.000079 39
0.000055 6
0.000043 12
0.000075 43
0.000232 6
0.000039 12
0.000078 16
0.000071 15
0.000145 6
0.008132 6
0.000132 12
0.000050 16
0.000071 18
0.000048 19
0.000056 48
0.010268 18
0.001452 16
0.000158 18
0.000752 76
0.000130 15
0.000028 12
0.008906 6
0.000129 28
0.000047 18
0.000028 29
0.000026 16
0.000025 19
0.000059 11
0.008685 6
0.001194 12
0.000263 34
0.000039 72
0.007042 6
0.000013 12
0.000078 16
0.000066 18
0.000100 22
0.000058 16
0.011183 18
0.000057 16
0.000152 18
0.000140 15
0.001772 17
0.000060 10
0.000062 8
0.000045 12
0.000065 13
0.000028 11
0.000027 6
0.007999 18
0.000085 16
0.000068 18
0.000047 13
0.000103 12
0.000043 14
0.000006 10
0.012761 6
0.000239 28
0.000583 18
0.000239 21
0.000011 27
0.041741 6
0.000245 51
0.002207 6
0.000214 126
0.014608 68
0.000058 6
0.000094 46
0.000054 6
0.000033 12
0.000038 16
0.000091 22
0.000054 6
0.000076 50
0.031237 54
0.000364 6
0.000057 12
0.000042 16
0.000042 18
0.000026 12
0.000311 20
0.014109 49
0.000012 10
0.000097 6
0.000092 12
0.000576 37
0.000572 74
0.028428 6
0.000064 12
0.000427 129
0.031047 6
0.000204 12
0.000665 16
0.000013 18
0.000032 16
0.000029 14
0.000037 25
0.052065 18
0.000238 16
0.000044 18
0.000062 15
0.000041 11
0.000051 10
0.000040 14
0.000046 10
0.000040 32
0.012476 6
0.000183 12
0.000212 16
0.000111 27
0.000040 10
0.000025 16
0.000032 9
0.010465 123
0.010975 6
0.000123 12
0.000093 16
0.000096 18
0.000033 24
0.000060 12
0.000044 24
0.000032 9
0.007622 6
0.000252 12
0.000196 16
0.000126 18
0.000126 22
0.000215 13
0.000007 57
0.000124 13
0.000070 29
0.009468 6
0.000132 12
0.002025 103
0.008543 65
0.000138 60
0.000056 6
0.000034 12
0.000067 44
0.000054 6
0.000078 58
0.009471 6
0.000092 12
0.000354 31
0.000032 15
0.000030 6
0.000059 12
0.000126 16
0.000178 36
0.001352 20
0.000011 5
0.008559 6
0.000014 12
0.000105 16
0.000066 18
0.000057 9
0.000032 19
0.000134 25
0.007555 95
0.010082 6
0.000147 12
0.000074 16
0.000082 18
0.000031 17
0.000059 14
0.000054 15
0.000017 10
0.013135 6
0.000020 12
0.000053 16
0.000070 15
0.000047 16
0.000029 6
0.000159 12
0.000007 16
0.000118 107
0.017004 74
0.000266 6
0.000107 12
0.000079 16
0.000060 18
0.000045 16
0.000028 19
0.000059 11
0.000027 10
0.000175 23
0.014820 18
0.000128 16
0.000012 15
0.000288 13
0.000189 6
0.000011 12
0.000074 16
0.000303 18
0.000028 15
0.000064 18
0.000046 11
0.017635 6
0.000268 28
0.000048 18
0.000082 21
0.000043 9
0.000026 19
0.000022 12
0.000006 11
0.000060 71
0.013752 18
0.000094 16
0.000066 18
0.000063 16
0.000027 20
0.000060 20
0.000055 9
0.000032 12
0.000010 22
0.000049 4
0.012700 6
0.000836 12
0.000423 84
0.017590 6
0.000148 12
0.000137 16
0.000165 30
0.000078 29
0.000010 36
0.000065 9
0.000011 33
0.013425 6
0.000375 12
0.000109 16
0.000103 18
0.000105 9
0.000068 22
0.000045 15
0.000043 19
0.015198 18
0.000264 16
0.000026 31
0.000010 6
0.000114 12
0.000040 16
0.000088 18
0.000056 9
0.000045 17
0.000061 27
0.000044 26
0.000191 44
0.000570 13
0.015507 18
0.000089 16
0.000086 18
0.000026 26
0.000076 64
0.015010 6
0.000639 46
0.000012 23
0.000026 16
0.000051 35
0.020352 6
0.000013 12
0.000099 16
0.000065 18
0.000047 26
0.000044 29
0.000044 16
0.000048 28
0.000034 46
0.000102 49
0.006849 6
0.000014 12
0.000080 16
0.000067 18
0.000047 17
0.000365 32
0.000011 48
0.013500 6
0.000017 43
0.000036 15
0.000073 6
0.000064 12
0.000675 105
0.010072 6
0.000071 12
0.000062 16
0.000095 8
0.000338 124
0.007383 121
0.009758 6
0.001453 122
0.000042 6
0.000061 12
0.000040 16
0.000044 18
0.000022 18
0.000033 20
0.008672 6
0.000095 12
0.000055 16
0.000067 18
0.000029 12
0.000025 10
0.000026 20
0.000020 5
0.011789 6
0.000133 12
0.000089 16
0.000067 18
0.000046 11
0.000142 13
0.000048 17
0.000027 12
0.000062 41
0.009419 6
0.000137 28
0.000076 18
0.000053 11
0.000050 12
0.000026 12
0.000049 9
0.033006 6
0.001172 12
0.000045 116
0.000164 6
0.000132 12
0.000111 16
0.000167 18
0.000032 22
0.000028 17
0.000178 13
0.013857 6
0.000063 12
0.000120 31
0.000235 14
0.000064 6
0.000039 12
0.000103 31
0.000055 14
0.000101 6
0.000077 28
0.000235 15
0.000014 21
0.000051 6
0.000107 12
0.000041 16
0.000157 15
0.000011 15
0.014610 6
0.000701 28
0.000014 15
0.000034 14
0.000051 6
0.000523 12
0.000044 16
0.000102 149
0.013054 6
0.000225 12
0.000011 16
0.000086 18
0.000049 10
0.000061 10
0.000047 13
0.000025 10
0.016220 6
0.000017 12
0.000525 217
0.016713 6
0.000104 12
0.000381 16
0.000083 18
0.000045 29
0.000049 19
0.000113 37
0.013828 6
0.000265 90
0.016141 6
0.000451 12
0.000744 16
0.000013 51
0.000079 16
0.000068 18
0.000047 30
0.000061 17
0.000027 20
0.000098 25
0.000057 26
0.000061 45
0.011633 6
0.000379 28
0.001348 18
0.000007 29
0.000206 62
0.015762 18
0.000130 16
0.000087 18
0.000072 12
0.000046 11
0.000042 10
0.000047 5
0.015791 18
0.000012 16
0.000046 18
0.000113 10
0.000149 9
0.000117 14
0.000019 11
0.014210 18
0.000015 16
0.000121 8
0.000064 7
0.000088 10
0.000030 6
0.000133 77
0.008942 6
0.000017 12
0.000182 133
0.012569 6
0.000598 12
0.000396 60
0.000225 68
0.007177 6
0.000096 12
0.000304 16
0.001063 66
0.009351 75
0.000297 6
0.000901 12
0.000073 16
0.000052 18
0.000063 14
0.000043 12
0.009474 6
0.000101 12
0.001181 16
0.000111 61
0.000012 12
0.000066 16
0.000060 18
0.000062 17
0.000028 13
0.000067 15
0.000047 19
0.000038 16
0.000106 13
0.007829 18
0.001478 141
0.009294 6
0.000159 12
0.000094 16
0.000066 18
0.000045 13
0.000027 14
0.000089 17
0.000045 17
0.000029 24
0.000059 10
0.000041 22
0.009828 110
0.025863 6
0.000618 12
0.000198 16
0.000175 18
0.000179 11
0.000079 8
0.000071 12
0.000062 15
0.000021 15
0.000006 15
0.000054 27
0.017764 18
0.000230 16
0.000309 18
0.000106 17
0.000223 13
0.000135 15
0.000050 17
0.000046 12
0.000049 13
0.000038 18
0.000053 10
0.008995 6
0.000048 12
0.000033 16
0.000060 11
0.000279 7
0.000071 33
0.000007 6
0.000351 106
0.017403 6
0.000305 12
0.000258 16
0.000070 18
0.000053 13
0.000039 18
0.000049 9
0.000085 98
0.013508 6
0.000338 12
0.000919 121
0.017413 58
0.000132 56
0.000170 52
0.000060 6
0.000029 12
0.000066 37
0.000054 6
0.000074 50
0.000053 6
0.000416 95
0.013683 6
0.000452 28
0.000166 8
0.000036 7
0.000027 12
0.000083 6
0.000119 12
0.000042 16
0.000065 18
0.000046 13
0.000043 16
0.000042 8
0.012266 6
0.000285 12
0.000014 16
0.000038 11
0.000033 7
0.000050 14
0.000045 13
0.000044 20
0.000044 23
0.000025 8
0.000086 18
0.000062 16
0.000636 18
0.000070 23
0.000073 8
0.014282 6
0.000130 12
0.000202 76
0.015516 6
0.000596 28
0.000182 18
0.000049 12
0.000044 19
0.000059 10
0.000043 11
0.000043 13
0.000085 16
0.000032 9
0.000061 3
0.018378 6
0.000433 28
0.000084 11
0.000090 7
0.000010 13
0.000026 12
0.000029 6
0.000090 28
0.000062 18
0.000026 16
0.000041 9
0.011065 18
0.000084 16
0.000068 18
0.000046 16
0.000043 16
0.000054 16
0.000054 11
0.010380 97
0.010366 6
0.000095 12
0.000054 16
0.000075 18
0.000136 13
0.000048 11
0.000045 10
0.000026 9
0.010426 6
0.000132 12
0.000073 16
0.000144 18
0.000054 14
0.000089 13
0.000012 14
0.000274 8
0.007669 6
0.000015 28
0.000040 8
0.000034 7
0.000053 10
0.000048 6
0.000117 12
0.000060 16
0.000077 18
0.000788 119
0.008245 6
0.000174 12
0.000053 16
0.000087 18
0.000047 19
0.000078 13
0.000133 75
0.009903 18
0.000207 16
0.000078 18
0.000048 15
0.000060 15
0.000028 12
0.000057 6
0.012108 6
0.000174 12
0.000137 16
0.000223 18
0.000392 14
0.000034 23
0.000083 24
0.000010 28
0.020366 18
0.000107 16
0.000067 18
0.000045 10
0.000060 12
0.000043 8
0.000028 12
0.000070 11
0.000060 17
0.000053 11
0.000028 5
0.017126 6
0.000019 12
0.000062 16
0.000042 18
0.000078 17
0.000115 6
0.000006 18
0.000071 16
0.000060 18
0.000074 13
0.000024 14
0.000021 11
0.000006 11
0.000730 15
0.016548 6
0.000329 12
0.000073 16
0.000095 18
0.000022 11
0.000021 13
0.000021 13
0.000038 11
0.000023 14
0.000021 17
0.000026 18
0.000031 9
0.008506 18
0.000076 16
0.000229 18
0.000044 16
0.000032 17
0.000006 17
0.017783 6
0.000333 12
0.000075 16
0.000109 18
0.000051 12
0.000026 13
0.000064 13
0.000011 24
0.000062 10
0.000016 21
0.014320 18
0.000159 16
0.000168 18
0.000175 13
0.000050 12
0.000119 42
0.000011 20
0.000104 11
0.000031 6
0.015566 6
0.000399 12
0.000092 16
0.000077 18
0.000039 9
0.000022 11
0.000021 13
0.000039 16
0.000092 13
0.000012 35
0.015593 6
0.000109 12
0.000188 94
0.012435 69
0.000268 6
0.000112 12
0.000061 16
0.000078 18
0.000044 14
0.000028 18
0.000074 39
0.000707 33
0.016166 6
0.000018 12
0.000137 16
0.000081 18
0.000067 18
0.000113 38
0.000059 23
0.014288 18
0.000023 16
0.000151 8
0.000863 7
0.000016 27
0.000049 16
0.000037 18
0.000026 14
0.000026 14
0.000025 20
0.000055 11
0.000039 12
0.000048 10
0.000033 6
0.000053 12
0.000107 16
0.000039 15
0.000051 12
0.010323 18
0.000085 16
0.000068 18
0.000047 15
0.000043 11
0.000055 16
0.000031 7
0.008222 18
0.000163 16
0.000070 18
0.000091 11
0.000027 20
0.000029 10
0.000050 6
0.011133 6
0.000018 12
0.000111 42
0.000011 6
0.000337 12
0.000072 16
0.000062 18
0.000314 17
0.000046 14
0.000029 24
0.000330 17
0.000070 28
0.000017 9
0.008076 6
0.000217 66
0.000026 9
0.000025 7
0.009602 18
0.000247 31
0.000034 11
0.000029 6
0.000145 12
0.000044 16
0.000063 18
0.000045 8
0.000043 11
0.000042 5
0.010996 6
0.000201 12
0.000053 16
0.000070 18
0.000049 14
0.000293 31
0.000022 21
0.000060 10
0.000012 42
0.006003 6
0.000019 12
0.000436 98
0.010100 83
0.000046 6
0.000298 12
0.000123 16
0.000160 15
0.000682 14
0.010239 6
0.000246 12
0.000013 16
0.000138 102
0.018171 6
0.000151 12
0.000075 16
0.000097 18
0.000058 26
0.000089 40
0.014083 6
0.000101 12
0.000115 16
0.000053 18
0.000073 16
0.000010 31
0.000051 12
0.016644 6
0.000017 12
0.000117 16
0.000092 21
0.000091 6
0.000011 12
0.000078 16
0.000094 108
0.014936 6
0.000603 12
0.000289 16
0.000242 18
0.000054 13
0.000063 17
0.000027 13
0.000066 36
0.000021 13
0.000037 14
0.000006 7
0.011053 78
0.000171 6
0.000128 12
0.000065 16
0.000080 18
0.000091 18
0.000052 13
0.016856 6
0.000328 12
0.000191 16
0.000181 18
0.000204 70
0.000110 21
0.000021 15
0.000033 8
0.014021 73
0.000082 6
0.000111 12
0.000067 16
0.000091 18
0.000022 12
0.000015 3
0.016130 6
0.000114 12
0.000106 16
0.000066 18
0.000047 17
0.000060 10
0.000037 17
0.000031 7
0.017292 6
0.000173 12
0.000053 16
0.000303 18
0.001356 10
0.000079 13
0.000014 12
0.000029 15
0.000083 31
0.000007 15
0.000052 8
0.011523 18
0.000068 16
0.000077 15
0.000047 8
0.000047 6
0.000074 12
0.000059 16
0.000058 50
0.014647 18
0.000063 16
0.000094 18
0.000048 12
0.000045 11
0.000415 11
0.000043 8
0.014388 54
0.000317 85
0.007442 18
0.000052 16
0.000057 18
0.000030 15
0.000047 15
0.000109 14
0.000129 10
0.008757 6
0.000145 28
0.000081 18
0.000106 13
0.000022 29
0.000036 11
0.009030 6
0.000239 12
0.000082 16
0.000066 18
0.000046 15
0.000131 14
0.001170 13
0.000011 56
0.007621 6
0.000014 12
0.000428 102
0.011065 6
0.000995 28
0.000012 18
0.000138 17
0.000007 36
0.007377 6
0.000013 12
0.000384 16
0.000071 18
0.000047 14
0.000028 11
0.000378 9
0.000054 54
0.022360 6
0.000321 12
0.000457 16
0.000155 18
0.000100 14
0.000077 21
0.000040 21
0.000017 13
0.016431 18
0.000114 16
0.000049 15
0.000028 5
0.000029 6
0.000115 12
0.000103 16
0.000042 18
0.000072 22
0.000040 11
0.000006 14
0.000070 38
0.000006 15
0.011507 18
0.000093 16
0.000068 18
0.000172 27
0.000085 11
0.000088 7
0.015086 6
0.000569 12
0.000083 16
0.000258 18
0.000030 11
0.000126 11
0.000021 16
0.000042 11
0.000031 10
0.000011 24
0.000048 5
0.015222 6
0.001245 12
0.000090 16
0.000067 18
0.000057 13
0.000010 14
0.000059 13
0.000010 9
0.015910 6
0.000429 28
0.000047 18
0.000066 15
0.000046 16
0.000044 10
0.000079 9
0.000106 50
0.013953 34
0.000085 11
0.000031 7
0.000183 87
0.014649 6
0.000285 12
0.000367 16
0.000115 18
0.000086 98
0.012207 6
0.000618 96
0.000066 6
0.000054 12
0.000124 16
0.000065 15
0.000029 8
0.016174 6
0.000265 12
0.000020 31
0.000027 4
0.000030 6
0.000055 12
0.000066 16
0.000062 18
0.000094 11
0.000045 13
0.000044 3
0.016488 18
0.000062 16
0.000044 15
0.000062 9
0.000048 6
0.000125 12
0.000042 16
0.000063 18
0.000048 13
0.000054 12
0.000010 9
0.015762 18
0.000225 16
0.000069 18
0.000100 14
0.000027 14
0.000025 14
0.000045 6
0.008467 6
0.000178 12
0.000450 16
0.000075 15
0.000044 7
0.000112 6
0.000317 12
0.000099 16
0.000124 18
0.000052 29
0.000065 51
0.000056 11
0.000044 6
0.009963 6
0.000092 12
0.000072 16
0.000870 56
0.000011 9
0.010726 6
0.000356 12
0.000054 16
0.000065 18
0.000046 14
0.000089 82
0.008019 18
0.000066 16
0.000100 18
0.000051 16
0.000044 13
0.000097 10
0.000048 11
0.008703 6
0.000244 12
0.000064 16
0.000043 18
0.000076 13
0.000053 17
0.000059 12
0.000010 6
0.000117 12
0.000011 16
0.000074 18
0.000022 17
0.000006 17
0.000058 39
0.010732 6
0.000267 12
0.000068 16
0.000048 18
0.000107 17
0.000209 90
0.000051 8
0.012002 18
0.000088 16
0.000067 18
0.000082 21
0.000046 12
0.000043 15
0.000043 11
0.019416 6
0.000124 12
0.000072 16
0.000123 18
0.000032 19
0.000046 16
0.000069 23
0.000026 15
0.011776 18
0.000124 16
0.001536 18
0.000012 129
0.016947 6
0.000069 12
0.000056 16
0.000048 15
0.000027 7
0.000061 6
0.000035 12
0.000078 51
0.000103 6
0.000063 28
0.000042 15
0.000051 12
0.000262 6
0.000083 28
0.000029 34
0.000026 15
0.000028 6
0.000115 12
0.000011 16
0.000041 18
0.000074 13
0.000026 10
0.000027 8
0.014484 6
0.000375 12
0.000142 16
0.000047 18
0.000052 12
0.000044 11
0.000060 12
0.000027 12
0.000060 13
0.000042 10
0.000043 10
0.000188 8
0.016054 6
0.000226 12
0.000101 16
0.000065 18
0.000056 13
0.000038 14
0.000023 13
0.000021 23
0.000027 14
0.000052 42
0.000010 10
0.014806 6
0.000241 12
0.000100 16
0.000581 69
0.010727 60
0.000059 6
0.000034 12
0.000039 16
0.000335 44
0.000051 16
0.000120 18
0.000010 9
0.000026 12
0.000116 80
0.015476 6
0.000158 12
0.000186 16
0.000068 18
0.000098 11
0.000011 11
0.000033 22
0.015014 6
0.000320 12
0.000170 16
0.000140 31
0.000040 13
0.000026 14
0.000022 15
0.000005 11
0.000094 31
0.016175 18
0.000093 16
0.000067 18
0.000091 12
0.000050 13
0.000044 11
0.000048 10
0.013955 6
0.000119 12
0.000119 34
0.000061 10
0.000011 12
0.000049 18
0.017854 6
0.000014 12
0.000100 16
0.000064 19
0.000045 12
0.000044 15
0.000044 21
0.000028 11
0.000058 10
0.000032 26
0.000140 20
0.000007 37
0.005445 6
0.000175 28
0.000055 18
0.000073 31
0.000021 14
0.000006 18
0.011371 18
0.000080 16
0.000088 18
0.000024 9
0.000378 96
0.009414 73
0.000075 6
0.000087 12
0.000451 16
0.000282 18
0.000011 19
0.010850 18
0.000502 16
0.000110 32
0.000019 60
0.000028 6
0.000045 12
0.000063 16
0.000094 18
0.000065 12
0.000043 11
0.008615 62
0.000062 6
0.000071 12
0.000499 190
0.024313 6
0.001240 12
0.000123 16
0.000049 18
0.000065 21
0.000039 20
0.000037 23
0.000016 4
0.016333 6
0.000204 12
0.000072 16
0.000065 18
0.000047 23
0.000043 13
0.000025 13
0.000065 26
0.000021 17
0.000006 13
0.000051 11
0.016219 6
0.000013 12
0.000110 16
0.000065 18
0.000046 17
0.000077 12
0.000034 13
0.000021 25
0.000038 14
0.000025 15
0.000010 5
0.015555 18
0.000209 16
0.000111 18
0.000122 8
0.000047 8
0.000044 13
0.000060 15
0.000053 30
0.000070 22
0.012496 6
0.000045 12
0.000342 16
0.000171 15
0.000126 22
0.000013 12
0.000107 16
0.000044 18
0.000065 13
0.000023 13
0.000005 6
0.014188 18
0.001633 71
0.015885 6
0.000074 12
0.000057 16
0.000047 15
0.000030 8
0.000056 6
0.000034 12
0.000064 37
0.000075 6
0.000083 50
0.000054 6
0.000085 12
0.000075 41
0.000264 6
0.000092 28
0.000041 18
0.000027 13
0.000067 10
0.000010 13
0.000083 9
0.014975 6
0.000906 12
0.000009 16
0.001035 75
0.016422 57
0.000114 6
0.000205 12
0.000046 16
0.000285 18
0.000029 18
0.000026 17
0.000025 14
0.008392 6
0.000198 12
0.000489 49
0.000070 12
0.000041 16
0.000097 18
0.000051 18
0.000044 14
0.000042 8
0.016843 6
0.000264 12
0.000064 16
0.000118 18
0.000053 13
0.000045 18
0.000044 23
0.000043 14
0.000046 6
0.000106 28
0.000059 60
0.011442 6
0.000138 12
0.000111 16
0.000096 18
0.001645 11
0.000038 13
0.000041 13
0.000033 3
0.010234 6
0.000286 12
0.000116 16
0.000069 18
0.000025 9
0.000065 13
0.000006 15
0.000065 90
0.006094 6
0.000008 12
0.000160 103
0.012305 88
0.000212 6
0.000110 12
0.000063 16
0.000078 18
0.000028 10
0.000060 15
0.000044 12
0.000027 12
0.000059 22
0.000968 10
0.008855 18
0.002198 16
0.000013 55
0.006221 6
0.000102 12
0.000086 16
0.000433 20
0.001206 6
0.000179 28
0.000011 18
0.000048 14
0.000026 16
0.000065 28
0.000022 10
0.000037 23
0.000016 10
0.009165 18
0.000134 16
0.000074 95
0.034597 18
0.000461 16
0.000046 18
0.000027 17
0.000026 18
0.000025 19
0.000025 21
0.000070 19
0.000029 25
0.000062 38
0.018968 6
0.000214 12
0.000212 16
0.000014 19
0.000084 25
0.000027 20
0.000024 23
0.000041 18
0.000024 19
0.000023 21
0.000041 30
0.000025 19
0.000023 20
0.000429 18
0.000019 20
0.000108 12
0.011438 6
0.000111 12
0.000078 16
0.000067 18
0.000029 29
0.000101 26
0.000010 37
0.017622 6
0.000354 12
0.000066 16
0.000043 18
0.000027 22
0.000061 36
0.000045 20
0.000043 16
0.000060 10
0.000084 9
0.000046 5
0.000010 6
0.000074 12
0.000079 16
0.000054 18
0.000040 14
0.000031 9
0.000010 22
0.000046 6
0.014642 6
0.000661 28
0.000179 153
0.008947 6
0.000202 12
0.000073 16
0.000062 18
0.000097 9
0.000046 12
0.000043 10
0.000043 12
0.017927 6
0.000340 12
0.000667 16
0.000050 18
0.000064 13
0.000040 11
0.000032 11
0.000010 18
0.000281 21
0.000369 3
0.012915 6
0.000937 12
0.000090 16
0.000011 18
0.000048 15
0.000043 15
0.000043 14
0.000043 21
0.000055 23
0.000010 21
0.000089 22
0.000043 14
0.014462 6
0.000141 28
0.000046 18
0.000101 21
0.000050 20
0.000011 19
0.000046 15
0.015981 6
0.000570 122
0.000263 6
0.000309 12
0.000151 16
0.000040 18
0.000076 18
0.000079 34
0.010471 18
0.000090 16
0.000069 19
0.000063 10
0.000066 14
0.000030 11
0.000045 10
0.000063 20
0.000021 15
0.000039 17
0.000022 14
0.000021 8
0.000037 22
0.000074 11
0.014153 18
0.001250 162
0.005285 18
0.000022 16
0.000182 11
0.000646 7
0.000014 50
0.000067 16
0.000063 18
0.000040 10
0.000108 61
0.009272 18
0.000604 117
0.009548 6
0.000171 12
0.000091 16
0.000067 18
0.000063 24
0.000032 25
0.000038 16
0.000081 80
0.008656 105
0.010564 6
0.000125 12
0.000020 16
0.000069 15
0.000059 8
0.000052 6
0.000010 12
0.000077 16
0.000065 34
0.000038 10
0.000250 6
0.019342 6
0.001141 12
0.000295 16
0.000755 18
0.000101 14
0.000064 12
0.000029 25
0.000060 29
0.000043 15
0.000106 6
0.000123 12
0.000062 16
0.000042 18
0.000066 26
0.000011 42
0.000073 24
0.000010 29
0.010409 70
0.000416 6
0.000309 28
0.000067 18
0.000046 19
0.000088 14
0.000046 11
0.000040 37
0.015427 6
0.000249 12
0.000166 16
0.000065 18
0.000033 16
0.000026 13
0.000052 24
0.016830 6
0.000386 197
0.013641 6
0.000653 12
0.000066 16
0.000047 15
0.000027 20
0.000060 6
0.000099 58
0.000054 6
0.000033 12
0.000038 16
0.000054 26
0.000611 6
0.000040 12
0.000077 31
0.000010 18
0.000059 6
0.000096 64
0.000053 6
0.000033 12
0.000038 16
0.000041 15
0.000073 15
0.000028 6
0.000035 12
0.000678 84
0.000042 15
0.000063 12
0.015016 6
0.000237 12
0.000149 16
0.000321 18
0.000011 30
0.000027 23
0.000027 25
0.000159 37
0.000040 10
0.000053 7
0.000080 5
0.011275 6
0.000420 12
0.000134 16
0.000108 18
0.000208 11
0.000011 74
0.018723 6
0.000177 12
0.000201 16
0.000321 18
0.000183 10
0.000026 25
0.000011 11
0.000028 23
0.000061 30
0.011699 6
0.000134 12
0.000085 16
0.000083 18
0.000060 40
0.000010 41
0.000082 31
0.000027 12
0.000046 6
0.015871 6
0.000033 28
0.000118 11
0.000054 7
0.000049 7
0.000074 4
0.000189 6
0.000011 12
0.000084 16
0.000053 18
0.000039 13
0.000036 17
0.000010 44
0.000061 45
0.014600 34
0.000055 8
0.000145 160
0.009492 6
0.000266 12
0.000629 16
0.000032 19
0.000356 30
0.000014 330
0.007813 6
0.000137 12
0.000101 158
0.011460 6
0.000217 12
0.000073 16
0.000058 18
0.000054 33
0.000204 228
0.008092 6
0.000013 12
0.000079 16
0.000400 18
0.000024 59
0.000006 31
0.000032 29
0.010750 69
0.000217 6
0.000108 12
0.000083 16
0.000045 18
0.000062 30
0.000045 30
0.000032 24
0.009625 18
0.000059 16
0.000066 18
0.000047 30
0.000061 27
0.000283 30
0.000116 28
0.000815 39
0.000073 17
0.007958 6
0.000091 12
0.000125 16
0.000067 18
0.000047 13
0.000055 11
0.000027 16
0.000031 7
0.010519 18
0.002101 16
0.000108 18
0.000010 50
0.010704 6
0.000301 12
0.000214 46
0.000206 6
0.000051 12
0.000046 16
0.001004 15
0.000037 17
0.000147 66
0.000102 6
0.000035 12
0.000079 41
0.000079 6
0.000067 12
0.000145 16
0.000139 33
0.000188 6
0.000277 43
0.002144 9
0.000012 34
0.000043 18
0.000026 14
0.000025 16
0.012931 6
0.000015 12
0.000422 16
0.000013 15
0.000035 13
0.000029 6
0.000096 12
0.000124 16
0.000063 18
0.000045 18
0.000061 30
0.000028 26
0.000060 14
0.000054 14
0.000026 14
0.000010 6
0.013151 6
0.000211 12
0.001633 16
0.000060 19
0.000058 16
0.000070 21
0.000021 11
0.000028 9
0.000058 77
0.013821 18
0.000033 16
0.000119 18
0.000060 13
0.000326 12
0.000041 14
0.000104 14
0.000030 14
0.000068 15
0.000046 11
0.000043 6
0.011503 6
0.000412 12
0.000493 178
0.017889 6
0.000774 12
0.000287 16
0.000067 18
0.000074 11
0.000031 10
0.000046 11
0.000118 113
0.012700 6
0.000719 12
0.000220 16
0.000020 18
0.000025 4
0.000054 6
0.000045 14
0.000051 17
0.000044 9
0.000047 6
0.000156 12
0.000011 16
0.000037 18
0.000056 15
0.000040 9
0.000029 14
0.000048 7
0.016240 6
0.000451 12
0.000178 16
0.000229 18
0.000054 25
0.000044 14
0.000074 73
0.009706 18
0.000206 16
0.000121 18
0.000063 9
0.000025 3
0.000028 6
0.000072 28
0.000043 18
0.000049 17
0.015924 6
0.000763 12
0.000083 34
0.000028 12
0.000025 13
0.000025 13
0.000025 12
0.000026 12
0.000025 12
0.000025 10
0.000025 4
0.022007 6
0.000138 56
0.000492 6
0.002379 12
0.000121 16
0.000066 18
0.000115 10
0.000046 10
0.000040 11
0.000058 11
0.000042 31
0.007402 6
0.000014 12
0.000128 16
0.000066 18
0.000058 12
0.000021 11
0.000039 9
0.000007 9
0.011132 34
0.000089 18
0.000048 16
0.000044 13
0.000044 13
0.000032 8
0.007232 6
0.000222 12
0.000046 16
0.000011 18
0.000086 29
0.000022 11
0.000031 6
0.011938 6
0.000266 12
0.000091 16
0.000049 18
0.000062 10
0.000047 23
0.000023 14
0.000037 14
0.000024 12
0.000021 31
0.000057 26
0.008879 18
0.000056 16
0.000284 18
0.002195 31
0.006116 6
0.000065 12
0.028061 6
0.001929 12
0.000094 6
0.000031 12
0.000344 18
0.009858 18
0.000128 18
0.017135 18
0.000261 18
0.015364 6
0.000222 12
0.000514 6
0.000079 12
0.000073 6
0.000201 12
0.015662 6
0.000659 12
0.000063 6
0.000412 12
0.015425 18
0.000776 18
0.011046 6
0.000335 12
0.000605 6
0.000060 12
0.016455 6
0.000038 12
0.000058 6
0.000445 12
0.015438 6
0.000035 12
0.000423 6
0.000238 12
0.014053 18
0.020429 6
0.000048 12
0.000078 6
0.000877 12
0.000056 6
0.000259 12
0.012849 6
0.000045 12
0.000457 18
0.010000 6
0.000228 12
0.009550 6
0.000457 12
0.009748 18
0.009202 6
0.000277 12
0.000172 18
0.009904 6
0.000276 12
0.024795 6
0.000351 12
0.015720 18
0.001032 6
0.000016 12
0.000348 18
0.015189 18
0.016223 6
0.000350 12
0.000353 18
0.015508 6
0.000067 12
0.001053 6
0.000508 12
0.010038 6
0.000041 12
0.000060 6
0.000379 12
0.015665 6
0.000205 12
0.000230 6
0.000476 12
0.015724 18
0.000068 6
0.000290 12
0.015842 18
0.000589 6
0.000049 12
0.014197 18
0.000066 6
0.000359 12
0.017630 18
0.000561 6
0.000606 12
0.012944 6
0.000290 12
0.000371 6
0.000246 12
0.008658 18
0.000058 6
0.000317 12
0.009394 6
0.000501 12
0.000794 6
0.000021 12
0.000050 6
0.000049 12
0.009494 18
0.009852 6
0.000200 12
0.000405 18
0.009228 6
0.000102 12
0.000883 18
0.000134 6
0.000259 12
0.009000 6
0.000022 12
0.000150 18
0.032941 18
0.000736 18
0.014973 6
0.000302 12
0.000082 6
0.000080 12
0.000777 6
0.000356 12
0.014986 18
0.000556 18
0.000231 18
0.015486 18
0.000942 18
0.011092 18
0.000750 18
0.015836 18
0.000761 6
0.000084 12
0.000055 6
0.000121 12
0.015039 18
0.000830 18
0.015073 6
0.000084 12
0.001449 18
0.015543 6
0.000056 12
0.000416 18
0.015260 6
0.000514 12
0.000059 6
0.000064 12
0.012031 18
0.015875 18
0.000090 18
0.016458 18
0.000485 18
0.000249 18
0.016239 18
0.028840 6
0.000221 12
0.000108 6
0.000089 12
0.000586 6
0.000016 12
0.015681 18
0.032400 18
0.000706 18
0.062785 18
10.032664 71
0.000968 8
0.000134 94
3.384271 1
0.095244 1
0.186204 1
0.998875 1
0.541274 1
1.423845 1
0.471339 1
0.665551 1
1.341623 1
0.561853 1
0.267868 1
0.424399 1
0.121401 1
0.137687 1
1.514454 1
0.133536 1
0.712636 1
0.117976 1
0.197705 1
1.174696 1
0.756312 1
0.133280 1
0.447876 1
0.000540 4
1.007463 1
0.581290 1
0.234028 4
1.860618 1
0.370726 1
0.000642 4
0.372900 1
0.499615 5
1.866442 2
0.000314 9
0.006583 11
0.000031 2
0.000256 10
0.000231 2
0.001020 102
18.071528 1
0.145751 1
0.162104 1
0.270068 1
0.157721 1
0.569204 1
0.000369 4
4.142000 1
0.159348 1
0.000058 3
1.230947 1
0.930336 1
0.159827 1
0.715971 4
0.115604 1
0.322655 1
0.137810 1
0.138030 1
0.099108 1
0.765495 1
0.169974 1
0.807466 1
0.159762 1
0.074133 1
3.248122 11
0.004712 8
0.000116 94
0.808163 25
1.191894 28
1.023170 1
0.439946 1
0.127868 1
0.674769 1
0.108498 1
0.000157 4
1.969130 1
0.100087 1
0.000323 3
0.631409 1
1.297744 1
0.101058 1
0.000018 4
1.995448 1
0.199407 1
0.443629 1
1.038371 1
0.131727 1
0.103466 1
3.394708 2
0.000128 9
0.004116 102
0.714631 23
0.826803 26
0.846938 1
0.157248 1
0.112214 1
1.631955 1
0.187244 1
0.199998 6
2.057688 1
0.083553 1
0.000422 3
1.243134 1
0.550101 1
0.127926 1
0.227089 1
0.000427 5
1.859416 1
0.158424 1
0.673232 1
0.163320 1
0.103129 1
2.293861 11
0.002724 8
0.000919 94
6.343655 1
0.061758 1
0.083550 1
1.157523 1
1.047442 1
0.708383 1
0.417359 1
0.674417 1
1.735360 1
0.570389 1
0.607153 4
0.114382 1
0.328243 1
0.193294 1
0.152617 1
1.208564 1
2.162044 1
0.635988 1
0.794250 1
0.098967 1
0.116156 1
0.222058 1
1.415917 1
0.181973 1
0.333678 1
0.000496 5
1.181315 1
0.387093 5
1.918285 1
0.257331 1
0.000482 5
0.467293 1
0.289412 5
1.707364 1
0.235630 5
0.974279 1
0.260206 5
5.356837 2
0.000049 9
0.005974 12
0.001931 2
0.000568 23
0.000078 2
0.003099 8
0.000157 94
32.902795 1
2.050390 1
0.451473 1
1.341937 1
0.612441 1
0.579706 1
0.278322 1
1.068542 1
0.150904 1
0.096627 1
1.241318 1
0.186014 1
0.728538 1
0.090465 1
0.138721 1
2.296306 1
0.485891 1
0.306336 1
0.155906 1
0.113763 1
0.162147 1
2.537872 1
0.153953 1
0.894861 1
0.099143 1
0.109850 1
3.973277 1
0.500144 1
0.029664 1
0.029684 1
0.031259 1
0.030966 1
0.031068 1
0.031074 1
0.030286 1
0.030161 1
0.030150 1
0.029529 1
0.030104 1
0.030385 1
0.029843 1
0.029726 1
0.030071 1
0.029986 1
0.029961 1
0.029664 1
0.030329 1
0.030928 1
0.030618 1
0.029776 1
0.030298 1
0.029485 1
0.030200 1
0.029861 1
0.030253 1
0.030052 1
0.030862 1
0.731216 5
0.084311 5
0.120348 5
0.185008 5
8.920022 11
0.008306 8
0.000306 94
1.573456 1
0.097592 1
0.101842 1
1.350498 1
0.417832 1
1.143017 1
0.442797 1
0.681003 1
2.147857 1
0.505372 1
0.228289 1
0.175597 1
0.144007 1
0.155626 1
1.216437 1
0.159839 1
0.794123 1
0.099904 1
0.109865 1
3.776545 11
0.006320 60
0.000088 65
0.000433 2
0.000074 62
0.000075 2
0.000038 63
0.000775 64
0.000079 66
0.000045 65
0.000047 64
0.000316 2
0.000181 8
0.000045 94
27.697391 1
0.159661 1
0.099916 1
1.938641 1
0.085369 1
0.197510 1
0.000655 4
1.784229 1
0.110930 4
0.971504 1
0.725942 1
0.223419 1
0.203092 1
0.000604 4
1.340350 1
0.158060 1
0.228887 1
1.063347 1
0.121273 1
0.100849 1
2.515269 11
0.008388 102
1.199070 1
0.601933 1
0.112634 1
0.160306 1
0.124894 1
0.000518 4
1.342502 1
0.108881 1
0.000044 3
1.073771 1
0.791355 1
0.155776 1
0.000227 4
1.120514 1
0.183323 1
0.790833 1
0.161319 1
0.117641 1
1.947642 11
0.009815 8
0.000081 94
1.003069 1
0.189879 1
0.157895 1
0.842572 1
0.137024 1
0.221592 1
0.000536 5
0.800904 1
0.091683 1
0.000041 3
1.287513 1
0.868958 1
0.105292 1
0.329539 1
0.000171 5
1.166643 1
0.123248 1
0.822343 1
0.135844 1
0.095277 1
2.213869 11
0.005547 8
0.000020 94
1.041924 1
0.091243 1
0.144322 1
0.571888 1
0.228099 1
5.237812 1
0.360426 1
1.076271 1
0.955602 1
1.881070 1
0.621291 1
0.219340 1
0.166010 1
0.189953 1
1.046692 4
0.141347 4
0.978182 1
0.097807 1
0.180193 1
1.040459 1
1.296712 4
0.104573 1
1.566256 1
0.752416 1
0.097098 1
0.138189 1
1.972958 1
0.463119 1
0.637241 1
0.000541 6
1.546434 1
0.296076 5
1.867971 1
0.206676 1
0.001572 5
0.742373 1
1.491916 5
1.419665 1
0.226074 1
0.000468 4
0.800207 1
0.255685 5
9.834984 2
0.000017 9
0.008720 12
0.001003 13
0.000058 2
0.000196 10
0.000026 2
0.001380 8
0.000029 94
34.213274 1
0.087779 1
0.149891 1
1.128509 1
0.545276 1
0.449668 6
2.052919 11
0.186097 14
3.749540 2
0.443099 48
0.000023 2
0.777549 329
0.104168 78
0.000018 206
0.000040 2
0.000011 45
0.000020 2
0.156893 8
0.000076 118
27.924377 1
1.116593 1
0.193130 1
0.204011 1
2.164529 1
0.979550 1
0.180502 1
0.155410 1
6.713942 1
0.646536 4
0.137520 1
0.305947 1
0.430212 1
0.095415 1
1.678361 1
0.157928 1
2.280584 1
0.852150 1
0.108937 1
0.084478 1
1.443902 1
0.519997 1
1.162971 1
0.613969 4
1.671369 1
0.194391 1
1.128025 1
0.477622 1
0.148358 5
1.919753 1
0.346982 1
0.151181 1
1.438190 1
0.606100 1
0.737870 1
0.173374 1
0.726453 1
2.461287 1
0.610583 1
0.086789 1
0.138741 1
1.620157 4
0.180928 4
0.156884 4
0.188165 4
0.646482 1
0.567453 1
0.158626 1
0.059406 1
7.336119 11
0.014975 8
0.000088 118
7.591054 1
0.014750 1
1.361187 1
0.283722 1
0.874791 1
0.125576 4
1.327738 1
0.215977 1
0.148377 6
1.717367 11
0.000526 78
4.181768 1
0.122028 1
0.259892 1
1.200657 1
2.848309 1
0.137937 1
0.187990 1
0.160135 1
0.151929 1
1.625107 5
0.886746 5
0.367314 5
0.630725 5
0.289426 5
0.237848 5
0.535972 5
1.191451 3
0.159155 3
0.166225 3
0.272997 5
2.044828 3
0.627355 3
1.859862 3
0.922141 3
0.067884 3
1.632313 5
0.311635 3
0.260197 3
0.646552 7
0.125559 3
0.107291 3
0.294449 3
1.101309 7
0.142730 7
0.830864 3
0.078720 3
0.134097 3
1.570370 3
0.175896 3
0.908212 7
0.141135 7
0.943508 3
0.331292 3
0.676605 3
0.117255 3
0.118079 3
8.218927 11
0.009213 39
0.000380 8
0.000044 70
5.179045 26
0.813465 64
0.800852 1
0.761947 1
0.176141 1
0.386185 1
0.462091 1
0.477694 1
0.091784 1
3.426997 1
0.271410 1
0.359660 1
0.808745 11
0.003059 140
0.000031 2
0.000033 61
0.000024 2
0.000030 63
0.000024 2
0.001394 8
0.000050 70
67.962911 1
0.244249 1
0.205504 1
0.252222 1
0.979863 15
0.002958 2
0.008649 8
0.000135 94
4.946315 1
0.091404 1
0.138564 1
4.682533 1
0.289681 1
1.707748 1
0.835028 1
1.813378 1
0.331841 1
1.938801 1
0.263339 1
0.417635 1
0.128133 1
0.097450 1
0.372489 1
0.497937 1
1.446998 1
0.226095 1
1.323346 9
0.153289 9
0.692949 5
0.092988 5
1.814428 3
0.194349 3
0.825600 1
0.911862 1
0.123442 1
0.117928 1
2.744865 1
3.268451 1
0.569800 1
3.212394 1
1.517925 1
0.048620 1
1.433743 1
0.000427 5
1.178503 1
0.712456 1
0.285765 1
0.571863 4
0.327866 1
0.239897 1
59.012774 1
0.093492 1
0.116063 1
2.156597 1
1.009364 1
0.085611 1
0.317661 5
1.300592 1
0.188290 1
0.597091 1
0.184703 1
0.093306 1
1.586970 1
1.048610 1
0.210785 1
0.000477 4
1.234000 1
0.197851 1
0.446163 1
0.101578 1
0.121881 1
3.374211 2
0.000277 9
0.005091 5
0.001675 268
0.000021 5
0.000019 72
0.000010 56
0.000501 2
0.003973 5
0.000727 126
0.000026 2
0.000948 102
3.290644 59
0.339450 110
0.288013 67
0.439911 129
0.944640 48
0.560703 44
0.482462 1
0.191892 1
0.174553 1
0.191529 1
1.283324 13
0.115806 9
2.731758 11
0.008933 102
0.534286 27
0.331919 86
0.632964 110
0.161269 67
0.410167 129
0.494914 48
0.939351 1
0.139387 1
0.162100 1
0.162018 1
0.609435 13
0.061141 9
0.686998 11
0.004516 102
0.331776 23
0.164059 44
0.190061 86
0.181881 110
0.228051 67
0.195936 129
0.174006 48
0.362200 42
0.664191 48
1.117710 44
0.915929 1
0.160138 1
0.181868 1
0.149969 1
0.652446 13
0.100650 9
0.812795 11
0.005028 8
0.001291 94
0.343677 25
0.172187 46
0.406248 44
0.333793 86
1.034978 2
0.000033 9
0.006057 12
0.000955 13
0.000029 2
0.000080 10
0.001310 2
0.007047 102
28.614480 1
0.172024 1
0.508253 1
0.858352 1
0.073118 1
1.460392 1
0.624813 1
0.115112 1
0.133679 1
0.462387 1
0.790755 1
0.267099 1
0.130069 1
1.760232 2
0.000014 9
0.100324 102
0.966459 1
0.171195 1
0.103404 1
1.971113 1
0.173175 1
0.650862 1
0.101342 1
0.158241 1
1.749577 1
0.656170 1
0.732470 1
0.087025 1
0.138469 1
1.581986 1
2.076689 1
0.079151 1
1.434349 1
0.730361 1
0.115454 1
0.216244 1
0.176484 5
1.603543 11
0.007035 8
0.000184 94
15.114701 1
0.083647 1
0.134192 1
0.646392 1
0.177613 1
2.814098 1
0.348080 1
0.812455 1
1.066103 1
2.565042 1
0.957239 1
0.102683 1
0.321805 6
2.212735 1
0.280124 1
0.159703 1
0.145913 1
0.172019 1
0.383986 1
2.459971 1
0.806626 4
0.301374 1
0.264614 7
8.493348 11
0.015174 189
0.000043 2
0.000783 8
0.000061 94
19.185956 1
0.003360 1
1.574861 1
0.686529 1
0.134433 7
3.767150 2
0.000020 127
1.054391 1
0.109279 1
0.113993 1
1.148614 1
0.403377 1
0.376065 1
1.783992 1
0.772722 1
0.377189 1
2.574027 1
0.238222 1
0.336049 1
0.203838 1
0.119585 1
1.969066 4
0.167216 4
0.185972 4
0.862456 1
0.109379 1
0.130352 1
0.305946 1
0.848665 4
0.163383 4
0.194014 4
0.714523 1
0.117121 1
0.156321 1
1.594275 1
0.215586 1
0.772603 1
0.158244 1
0.183158 1
1.207148 1
0.837639 1
0.086920 1
7.700429 11
0.013955 12
0.000045 2
0.000107 11
0.000040 2
0.000144 10
0.000447 2
0.001027 8
0.000061 110
44.789983 1
0.004449 1
0.907888 1
0.218850 1
0.153296 1
0.579618 4
0.148085 4
0.580136 1
0.141725 1
4.178358 113
4.819696 1
1.834796 1
0.209323 1
0.860580 1
0.089399 1
0.607174 4
0.064189 1
1.236917 1
0.563919 1
0.113595 1
0.175852 1
1.954985 1
0.980131 1
0.441462 1
0.075186 1
0.336813 1
2.834011 2
0.000020 9
0.007379 8
0.001099 94
32.191626 1
0.042743 1
0.144642 1
1.216462 1
0.357391 1
0.608312 1
2.976082 1
0.153876 1
0.340213 1
2.066491 1
0.585634 1
0.121747 1
0.165948 1
2.004638 1
0.936108 1
0.507544 1
0.061143 1
2.058569 1
0.766774 4
1.093365 1
0.918239 4
0.314097 1
1.715607 1
0.197914 1
0.148336 1
0.157863 1
0.141832 1
1.395961 1
0.200188 1
1.383867 1
0.123868 1
0.506271 1
1.412075 1
1.344157 1
0.407831 1
1.016776 4
0.133010 4
0.534845 1
0.117155 1
1.786095 1
0.196107 1
0.763910 1
1.566595 1
1.108328 1
0.228217 1
0.000320 6
1.698150 1
11.964091 2
0.000977 9
0.008945 12
0.000054 2
0.000128 11
0.000048 2
0.000932 10
0.000046 2
0.001869 8
0.000067 94
126.423311 1
0.031150 1
2.177366 19
0.000043 72
2.179860 1
0.199855 1
0.104709 1
2.819153 1
0.666807 1
0.545383 1
0.361600 1
0.124177 1
0.688497 1
0.105104 1
3.491402 11
0.015338 14
3.496101 2
0.065804 48
0.001006 2
0.402353 329
0.078129 78
0.003797 42
0.000069 2
0.000728 162
0.000030 2
0.000039 45
0.000021 2
0.041545 8
0.000062 96
7.127965 1
0.035348 1
0.777383 89
4.371236 1
1.303943 1
1.321971 1
0.188098 1
0.089919 1
1.170830 1
0.401245 1
0.473945 1
1.248220 1
1.359915 1
0.207706 1
0.266163 1
0.784610 1
14.971521 1
2.244380 1
0.471699 1
0.209730 1
0.864613 1
0.208239 1
0.249505 1
4.085928 11
0.071511 74
0.000024 243
0.032276 8
0.000104 70
2.204808 20
0.515984 1
0.500354 1
0.029608 1
0.029882 1
0.030898 1
0.030100 1
0.030363 1
0.029787 1
0.030336 1
0.030237 1
0.030243 1
0.029462 1
0.030444 1
0.029598 1
0.030242 1
0.030726 1
0.030628 1
0.029687 1
0.030084 1
0.031016 1
0.029591 1
0.030400 1
0.029922 1
0.029793 1
0.030174 1
0.029954 1
0.030291 1
0.029585 1
0.030078 1
0.029947 1
0.030615 1
2.251905 5
1.723221 5
0.275973 5
0.254429 5
1.008258 5
1.511486 11
0.002875 8
0.000041 70
0.950690 25
3.223867 64
1.650275 1
0.128260 1
0.419640 1
3.179047 1
0.116730 1
0.770331 3
1.134266 4
0.159796 4
0.167886 4
2.652282 1
0.213817 1
0.149447 1
1.578528 1
0.312030 1
1.404037 1
0.158051 1
3.641372 1
0.220632 1
0.373915 1
0.208005 1
0.372062 1
3.391442 1
0.499623 1
0.029915 1
0.030571 1
0.030500 1
0.030423 1
0.030790 1
0.031003 1
0.031192 1
0.029742 1
0.031735 1
0.029867 1
0.644756 3
0.855077 27
0.354248 3
0.500166 3
0.029554 3
0.029813 3
0.030324 3
0.030671 3
0.030141 3
0.030560 3
0.029914 3
0.030241 3
0.030474 3
0.030723 1
0.029919 1
1.381806 1
1.450741 19
0.000177 94
8.268546 1
0.936029 1
0.283893 1
0.225453 1
0.926276 1
0.817798 1
0.561883 1
1.728254 1
0.137692 1
0.197954 1
0.650800 4
0.179139 4
0.604606 4
0.522639 1
0.243058 1
0.183827 1
4.885952 1
0.829068 1
0.117148 1
1.066387 1
2.161452 1
0.354156 1
0.255824 1
0.980611 1
2.461470 1
1.209001 1
0.523029 1
0.239278 1
0.903316 1
0.213895 1
0.135313 1
3.262075 1
1.296191 1
0.744520 1
0.203600 1
1.687877 1
2.904040 1
0.231741 1
7.905569 11
0.107628 8
0.000307 94
37.676753 1
0.654569 1
0.145356 1
0.373961 1
0.672201 1
4.093660 1
1.000828 1
0.313474 1
0.447740 1
0.169690 1
2.223018 1
0.643957 1
0.994123 1
0.451383 1
0.622663 1
0.191257 1
0.279945 1
3.662085 2
0.000019 9
0.007209 8
0.000077 94
1.612594 1
0.088143 1
0.393906 1
1.058992 1
0.201377 6
1.279494 19
0.000053 108
12.587441 10
0.658175 13
2.551649 10
0.280131 27
0.331953 39
0.319756 52
0.441963 47
0.558052 1
0.499358 1
0.030086 1
0.029127 1
0.030094 1
0.030048 1
0.030521 1
0.029682 1
0.030430 1
0.030479 1
0.030591 1
0.030706 1
0.030553 1
0.030535 1
0.031019 1
0.029987 1
0.282813 1
0.189325 1
0.168564 1
1.407128 5
0.095874 5
0.572993 3
0.500212 3
0.029746 3
0.030217 3
0.029388 3
0.030703 3
0.029239 3
0.030119 3
0.031668 3
0.302710 1
0.816452 5
0.098459 5
0.535198 3
0.499781 3
0.030839 3
0.029167 3
0.166173 3
0.302081 3
0.153210 3
0.830641 13
0.071445 9
9.356517 11
0.006691 8
0.000022 108
18.186790 1
1.144009 1
0.217533 1
0.440133 1
0.468096 1
1.634595 1
0.117168 1
0.137837 1
1.147091 1
0.529173 1
0.437926 1
0.316251 1
0.685892 1
4.839743 1
2.084751 1
0.265395 1
0.242158 1
0.498349 1
0.201623 1
0.247840 1
0.692782 1
0.615932 1
0.217306 1
0.153884 1
2.136838 1
0.283403 1
0.162129 1
1.574022 1
1.167313 1
0.616572 1
0.233870 1
0.604659 1
0.249580 1
0.113941 1
2.212562 1
1.845322 1
0.902810 1
1.053855 1
0.761210 1
0.322074 1
0.336151 1
0.279970 1
2.610685 1
1.811288 1
0.858522 1
0.251603 1
0.557926 1
0.329896 1
1.609953 1
1.278002 1
0.660657 1
0.227382 1
0.636702 1
0.105419 1
0.293870 1
4.710970 11
0.007777 151
0.000092 126
0.000030 2
0.002388 8
0.000128 108
161.724769 1
0.064004 1
0.753332 89
0.922270 2
0.337382 57
0.592137 66
0.475729 57
2.505248 11
0.007874 12
0.000062 2
0.000116 19
0.000855 42
0.001197 78
18.434017 1
0.952475 1
0.447442 1
1.545926 1
0.607747 1
0.179380 1
0.198059 1
0.153730 1
0.149926 1
0.563613 9
0.881648 9
0.481681 9
0.280234 9
0.415867 9
1.304998 3
0.168356 3
0.161558 3
0.370375 3
0.564762 1
2.766341 1
0.487761 1
0.359381 73
0.000434 2
0.000673 238
0.036427 9
5.884032 66
0.688809 95
0.190831 1
0.420074 1
0.284318 66
0.205988 66
0.347897 57
0.444083 66
0.231963 57
0.455928 66
0.759629 4
0.165784 4
0.161643 1
0.155966 1
1.064435 89
5.404591 55
0.836959 64
0.939822 55
0.445198 64
0.757700 1
1.067879 1
0.423768 1
0.239809 1
0.708649 1
2.625282 1
0.830587 1
0.171012 1
0.362404 1
0.951945 1
1.239676 4
0.161600 4
0.242788 4
0.205956 4
0.242055 4
1.040528 1
1.074704 1
0.274673 1
0.224223 1
0.149824 1
2.906465 1
0.839444 1
0.206116 1
1.593353 1
0.257928 1
0.308571 1
0.409856 1
0.546519 1
0.129681 1
0.088147 1
3.100121 2
0.001006 9
0.003283 8
0.000169 70
22.738532 20
0.315993 65
2.551694 1
0.500238 1
0.029624 1
0.029677 1
0.030304 1
0.030594 1
0.031318 1
0.029115 1
0.030993 1
0.029954 1
0.030474 1
0.029366 1
0.030390 1
0.031159 1
0.300800 3
0.226085 3
0.647726 29
0.499520 29
0.029560 29
0.031199 29
0.030441 29
0.029759 29
0.031245 29
0.030112 29
0.030358 29
0.032846 29
0.029585 29
0.033253 29
0.028751 29
0.031534 29
0.309411 29
0.189765 29
0.163054 29
0.154709 29
0.233124 27
2.692042 1
0.500463 1
0.029624 1
0.030428 1
5.374269 11
0.008625 135
0.000044 25
0.000064 2
0.000042 25
0.000051 2
0.000038 18
0.000320 2
0.000155 8
0.000091 70
7.328095 36
0.211791 96
2.239046 1
0.936931 3
2.231648 2
0.002375 9
0.001438 35
0.000077 36
1.754877 1
1.623079 2
0.002563 78
34.397362 1
0.435495 1
0.266081 1
0.199980 1
1.052771 17
0.006801 8
0.000499 72
3.162586 1
0.113434 1
1.940578 1
0.860035 1
0.227726 1
0.559698 1
0.942012 1
0.154939 7
1.545360 2
0.000022 111
1.429759 1
0.688303 1
0.311394 1
0.434174 1
0.083704 1
1.075339 1
0.611467 1
1.121287 1
0.296186 1
1.008669 1
0.621089 1
0.226571 1
0.191660 1
1.491993 1
1.213746 1
0.294159 1
2.439827 2
0.000019 9
0.007618 8
0.000066 94
1.125495 1
0.079377 1
0.253766 1
0.535998 1
0.269138 10
1.704758 19
0.002308 116
3.239666 1
0.146012 1
0.310084 1
1.284143 1
0.269979 1
0.399961 1
1.040469 4
0.395567 1
1.729775 1
0.980647 1
0.067459 1
1.428992 1
1.810039 1
1.069041 1
0.521906 1
0.229942 1
0.352113 1
0.336126 1
0.299937 1
0.319930 1
2.360804 1
0.933960 1
0.103031 1
2.010205 1
41.407217 1
0.238811 1
0.764489 1
1.066080 1
0.179302 1
0.103010 1
1.994899 1
1.134797 1
0.073087 1
1.666165 1
0.711172 4
0.224945 1
1.447943 1
0.708096 1
1.027021 1
0.506976 1
0.211962 1
1.068784 1
1.033940 1
0.088636 1
1.097241 4
0.437558 4
0.191865 4
0.180010 4
0.235903 4
1.060766 1
0.219318 1
0.328119 1
0.324053 1
0.688879 1
1.722961 1
0.127999 1
0.558135 1
7.629713 2
0.000358 9
0.139075 36
0.000754 128
0.000189 8
0.001183 116
18.189894 43
2.192009 1
0.500038 1
0.029857 1
0.030347 1
0.030300 1
0.030763 1
0.030021 1
0.030789 1
0.031023 1
0.031005 1
0.029438 1
0.030645 1
0.029849 1
0.030061 1
0.029466 1
0.030689 1
0.030117 1
0.153593 1
0.179746 1
0.615676 5
0.077162 5
5.524433 11
0.047976 38
0.000017 127
0.000225 8
0.000036 116
22.696557 43
1.636089 1
2.193774 3
1.585059 4
0.144086 4
0.892883 1
0.195150 1
3.115412 1
0.498685 1
0.030223 1
0.029084 1
0.030640 1
0.029369 1
0.030480 1
0.031388 1
0.029773 1
1.785886 1
0.499133 1
0.030116 1
0.030586 1
0.029676 1
0.030227 1
0.030275 1
0.363768 1
0.188089 1
0.170216 1
0.173927 1
0.374101 3
0.532976 5
0.093743 5
0.215041 3
1.154813 1
0.636863 5
0.077746 5
0.314587 3
0.226050 3
0.177884 3
0.402036 3
0.931941 5
0.141175 5
0.222134 5
0.908576 5
0.173330 5
0.337979 5
14.338339 11
0.077064 36
0.000020 129
0.001662 8
0.000043 116
2.514324 43
0.948442 1
0.499125 1
0.029706 1
0.029658 1
0.030140 1
0.029939 1
0.030302 1
0.029630 1
0.030182 1
0.030020 1
0.030163 1
0.030564 1
0.030504 1
0.031182 1
0.029932 1
0.030006 1
0.030193 1
0.029911 1
0.155995 1
1.001641 5
0.081048 5
0.741256 3
0.499983 3
0.029503 3
0.029920 3
0.030541 3
0.029894 3
0.029598 3
0.030034 3
0.030042 3
0.030514 3
0.030392 3
0.030222 3
0.030657 3
0.030489 3
0.030100 3
0.030299 3
0.029527 3
0.178411 3
0.179855 3
0.633450 4
0.139469 4
0.236263 1
0.472061 1
2.409095 11
0.044656 36
0.000444 129
0.003485 8
0.000053 116
32.848536 1
0.175277 1
0.466631 1
0.413715 1
0.165967 1
0.586152 4
0.141673 4
0.442045 1
0.157978 1
0.596090 4
0.138053 4
0.724606 1
0.155370 1
7.345986 19
0.000046 94
2.627944 1
0.146101 1
1.260724 1
0.503080 1
0.348194 1
1.496706 1
0.661874 1
0.507261 1
0.639820 9
2.803152 1
1.031763 1
0.530676 5
3.149348 11
4.269169 8
0.000030 94
4.132914 1
0.061544 1
0.103361 1
0.973112 1
0.547090 1
0.230267 1
0.352838 1
1.387419 1
1.100213 1
0.115408 1
0.527891 1
0.329089 10
1.665141 1
0.390078 1
1.166347 1
1.173572 1
0.297766 1
0.414924 1
0.409635 1
1.105636 1
0.654052 1
0.242889 10
1.553001 4
0.862792 1
1.265134 1
0.212037 1
0.228736 1
0.755353 1
1.627875 1
0.432058 1
6.437879 11
0.219018 102
4.727482 1
0.111478 1
0.134081 1
1.996567 1
0.195390 1
0.617912 1
0.183915 1
1.182190 1
0.238042 1
0.154122 1
0.673188 1
1.185412 1
0.354396 1
0.000484 8
6.206440 1
2.248540 1
0.569693 1
3.239332 1
1.145005 1
0.263376 1
0.664711 1
1.867811 1
0.593832 1
0.437631 1
1.272231 1
0.391845 1
0.322075 1
0.427946 1
0.291210 10
4.022817 1
0.954677 1
1.235004 1
0.279669 1
1.612461 4
0.196720 4
1.565441 1
0.423959 1
0.101869 1
0.275947 1
1.944521 1
0.185675 1
0.181939 1
1.494015 1
0.974682 1
0.125521 1
0.145755 1
1.223862 1
0.392339 1
0.196925 1
15.354868 11
29.804567 102
53.834622 1
1.371227 4
78.190838 59
0.384030 164
0.421811 1
12.770114 1
0.500371 1
0.030032 1
0.029997 1
0.030397 1
0.029957 1
0.029672 1
0.030011 1
0.030519 1
0.031015 1
0.029820 1
0.030180 1
0.029745 1
0.030439 1
0.030440 1
0.030320 1
0.030040 1
0.031275 1
0.030916 1
0.029664 1
0.030485 1
0.030611 1
0.030413 1
0.030492 1
0.029365 1
0.030851 1
0.030395 1
0.030423 1
0.030732 1
0.368954 1
0.194392 1
0.185459 1
0.176586 1
0.175903 1
0.168009 1
0.345333 1
0.756465 5
0.287423 5
4.005031 3
0.500137 3
0.029153 3
0.030326 3
0.029658 3
0.030221 3
0.030088 3
0.029826 3
0.030290 3
0.030045 3
0.031192 3
0.274824 3
3.503265 5
1.982589 5
1.112090 5
0.144979 5
0.116173 5
2.065032 3
0.580175 3
0.467974 3
0.319733 3
0.208034 3
0.223973 3
0.214141 3
0.231995 3
0.249974 3
0.201849 3
1.312122 3
0.189993 3
0.174139 3
0.184232 3
0.190067 3
0.197779 3
0.742528 3
0.137493 3
1.838725 15
1.412153 15
0.189861 15
0.252120 15
0.451623 15
3.955044 11
14.017701 8
0.000065 94
43.327877 1
0.093554 1
0.274254 1
1.442079 1
0.175166 10
1.796334 2
0.000010 9
0.000883 124
1.777375 1
0.107337 1
0.138304 1
2.104458 1
0.387976 1
1.102653 1
0.897925 1
1.215267 1
0.588110 1
0.286515 1
2.447691 1
0.117085 1
1.039097 1
0.389672 1
0.203997 1
0.060328 1
2.483511 1
6.334453 1
0.075713 1
1.641969 1
0.656469 1
0.173476 1
0.204073 1
0.210139 1
3.355290 1
0.838647 1
0.117764 1
0.165979 1
1.464013 1
0.408192 1
0.183812 1
5.678922 2
0.000141 9
0.008198 5
0.000445 84
0.000758 63
0.000033 37
0.000927 2
0.000016 124
141.965966 30
5.449564 11
0.004947 17
0.000118 2
0.050464 17
0.000455 2
0.024805 8
0.000467 116
57.174838 1
0.005012 1
2.470402 11
0.003339 93
0.000281 2
0.002217 8
0.000089 116
29.129102 2
1.131392 2
0.002117 9
0.002347 164
0.001209 126
11.767514 121
8.488518 1
0.039133 1
0.366832 1
0.756427 1
1.657466 1
1.235947 1
0.756019 1
0.270141 10
2.295840 1
0.261827 1
1.342003 1
0.374223 1
0.527876 1
0.260108 1
1.794213 8
3.322046 11
0.067439 8
0.000015 116
2.103271 1
0.162733 1
0.450006 11
0.005686 106
0.000012 80
0.000661 2
0.000826 124
14.025778 1
0.104640 1
0.176256 1
1.933308 1
0.719730 1
0.736348 1
0.506985 1
1.224348 1
0.773609 1
0.645757 4
0.072287 1
0.358504 1
0.000519 9
2.029013 1
0.234063 1
1.117085 1
0.293901 8
6.166948 1
0.734712 12
5.896757 1
0.446285 5
2.466633 11
0.035252 8
0.000307 116
48.155540 1
0.174600 1
0.839759 4
1.093773 4
1.690470 1
0.105805 1
0.155994 1
1.630444 1
0.514021 1
0.301807 1
0.236185 1
1.047829 4
0.131750 1
0.748245 1
0.479924 1
0.117935 1
0.917659 1
0.656239 10
1.558705 1
0.503051 1
0.789031 1
1.171859 1
0.287361 1
0.470071 1
0.521976 1
0.260091 1
0.656743 1
0.409124 1
0.303779 1
0.000063 8
2.348774 1
0.941432 7
2.816020 11
9.367053 124
13.879348 1
0.113688 1
0.139783 1
0.436433 1
0.342012 1
0.822276 1
0.119221 1
1.322508 1
2.274534 4
0.499389 4
0.030228 4
0.030608 4
0.030008 4
0.030103 4
0.029770 4
0.030215 4
0.030298 1
0.029968 1
0.030599 1
0.029530 1
0.497504 46
3.885957 1
0.500084 1
0.029792 1
0.029496 1
0.029946 1
0.030425 1
0.029844 1
0.029905 1
0.031015 1
0.030771 1
0.030893 1
0.031175 1
0.031238 1
0.030401 1
0.030139 1
0.029893 222
0.451016 1
0.214207 1
0.195801 1
0.151859 1
1.657419 212
0.211816 214
0.282089 216
2.682137 170
0.619323 49
1.193901 1
0.519254 1
1.636157 1
0.196087 1
0.175886 1
0.172105 1
0.151857 1
0.178460 1
0.165606 1
0.635643 3
1.507590 5
2.054265 5
0.329471 5
0.462289 5
0.199864 5
10.042513 11
8.016444 8
0.000065 116
9.084284 54
2.861603 1
0.500100 1
0.030006 1
0.029724 1
0.030529 1
0.030215 1
0.030098 1
0.029916 1
0.030409 1
0.029754 1
0.030980 1
0.029840 1
0.030140 1
0.030202 1
0.031020 1
0.029254 1
0.030378 1
0.193624 1
0.175857 1
0.163905 1
0.182108 1
0.165958 1
0.176218 1
0.167699 222
0.179883 1
0.238150 1
0.828230 211
1.607162 214
0.431769 216
10.789040 170
0.515775 55
0.628805 1
0.500192 1
0.030196 1
0.032191 1
0.029464 1
0.028639 1
0.030829 1
0.029213 1
0.033423 1
0.739863 3
2.952241 5
0.186004 5
0.194128 5
0.216206 5
1.485942 5
0.367843 5
0.341939 5
0.663980 5
0.402010 5
7.448370 11
9.589394 8
0.000068 116
8.296559 1
0.107622 1
0.064033 1
1.432181 1
0.712542 1
0.631781 1
0.475606 1
3.721901 1
0.572294 1
0.329795 1
0.000046 9
2.647240 1
0.255425 7
2.060893 2
0.000043 9
0.011639 11
0.001380 21
0.049019 124
26.212434 1
0.062057 1
0.445818 1
0.190367 1
0.679710 4
0.143920 4
0.157960 1
0.672097 1
0.163932 1
0.734221 4
0.143844 4
0.301906 1
0.133750 1
0.572219 19
0.000357 94
3.769684 1
0.312201 1
0.321804 1
0.608674 1
0.111175 1
1.320210 1
0.788303 1
1.749725 1
0.165916 1
0.640449 1
0.099091 1
1.522576 1
1.949949 1
0.137659 1
0.520190 1
2.570138 1
0.571902 1
0.436036 1
1.508009 1
0.533989 1
0.145644 1
0.488285 1
0.448345 1
3.724005 11
0.006033 102
3.785644 1
0.159848 1
0.144131 1
3.360646 1
0.037020 1
0.287695 1
0.000526 5
2.693868 1
0.143870 1
0.000397 3
1.281926 1
0.613895 1
0.225645 1
0.000506 5
0.616154 1
0.067921 1
0.000063 3
1.061721 1
0.448142 1
0.165636 5
0.436721 1
0.124928 4
1.248748 1
1.156629 1
0.207957 1
1.411997 1
0.769772 1
0.151002 10
2.270843 2
0.002270 9
0.006732 8
0.000109 94
31.439090 1
0.477716 1
0.513920 1
1.717946 1
0.116028 1
1.505953 1
0.248126 1
0.347841 1
0.742795 1
1.206419 1
0.975465 1
0.544692 1
0.835454 1
0.156838 11
4.054399 1
0.756576 1
0.125429 1
0.370027 1
0.931686 2
1.914391 2
0.000102 9
0.391852 29
0.001203 2
0.004600 2
0.000139 2
0.000248 10
0.000059 2
0.000347 9
0.000225 2
0.000219 11
0.000106 2
0.042705 2
0.003111 98
0.000468 8
0.000325 94
17.256673 1
0.351549 1
0.656064 1
0.175852 1
1.152242 1
0.744157 1
2.570118 2
0.622060 2
0.716720 2
0.183143 2
1.120062 2
0.202448 1
0.345324 2
0.179342 2
0.184839 2
0.153977 2
0.133998 2
0.192177 2
2.437681 1
2.066557 1
0.337491 1
0.161767 1
1.100603 1
0.995854 1
0.517461 1
0.555800 11
2.462227 1
0.119667 10
2.596164 11
0.000463 102
2.396576 1
0.507053 1
0.864725 1
0.789982 1
0.113138 1
1.602490 1
0.417994 1
0.165824 1
0.832894 1
1.522631 1
0.882661 1
0.121046 1
0.244014 11
1.670279 1
0.615351 1
0.167611 1
0.744276 1
0.143610 3
2.593399 11
0.014703 31
0.000711 10
0.000041 2
0.021130 2
0.000145 57
0.000075 2
0.000074 37
0.000881 2
0.000226 8
0.000055 94
35.010653 1
0.067861 1
1.685544 2
0.000786 89
0.776187 1
0.469220 1
0.477877 1
0.102396 1
1.321518 11
0.000015 4
0.000624 2
