0.540083 8
0.001176 94
174.880650 91
1.460923 329
24.040839 97
3.143354 338
12.028507 113
1.722771 95
0.000030 2
0.000032 9
0.000194 174
430.668421 46
0.959029 145
0.081480 49
0.000017 104
15.154924 51
5.233149 139
0.000030 2
0.000033 9
0.004460 24
0.000945 2
0.000164 8
0.000067 94
22.289695 26
0.846459 34
0.000031 2
0.000387 9
0.048567 26
0.001876 184
0.000224 8
0.000046 94
8.448796 27
182.672587 47
0.006916 5
0.000051 47
0.000045 2
0.000869 8
0.000065 94
26.142129 18
0.424732 1
0.208502 1
0.179388 1
0.168793 1
0.176020 1
0.124035 1
0.208412 1
0.165538 1
0.188732 1
0.151241 1
0.168084 1
0.149975 1
1.004157 5
0.163014 5
0.898149 5
1.103638 2
0.000488 9
0.007240 210
0.001018 8
0.000070 94
46.504684 17
0.419706 1
0.148074 1
0.157915 1
0.146077 1
0.149806 1
0.160183 1
0.155566 1
0.154397 1
0.148620 1
0.141448 1
0.159923 1
0.157519 1
0.682101 5
0.764014 5
0.947655 11
0.008045 212
0.000178 8
0.000061 94
3.865170 17
1.535326 20
8.810059 20
0.966580 23
0.781642 3
0.358910 4
0.155814 4
0.162693 4
0.167446 4
0.171992 4
0.159822 4
0.156084 4
0.828156 1
0.438244 1
0.577971 1
0.366237 1
0.135742 1
0.091720 1
1.060185 11
0.002054 28
0.000071 38
0.000022 26
0.000050 22
0.000043 24
0.000020 48
0.000045 2
0.000808 24
0.000248 8
0.000072 94
350.016757 1
0.194563 1
0.242212 1
0.436527 1
0.604702 1
0.140559 1
0.260271 1
0.686251 4095
0.000147 312
134.611728 49
0.800980 280
7.972364 35
0.738815 52
0.000030 2
0.000033 9
0.000075 15
0.000025 2
0.000119 102
33.489226 80
1.309107 162
0.000019 41
0.002193 104
448.998600 1
0.215725 1
0.166734 1
0.170222 1
1.464751 1
0.439904 1
0.276341 1
0.424856 1
1.601891 1
0.292152 1
0.583683 11
0.397514 25
0.385184 99
0.000024 2
0.000020 3
0.000019 2
0.000019 15
0.000019 2
0.000019 40
0.000019 2
0.000019 3
0.000019 2
0.000020 19
0.000019 2
0.000020 64
0.000019 2
0.000020 40
0.000019 2
0.000137 3
0.000023 2
0.000146 22
0.000026 2
0.000021 80
0.000032 383
1.061285 33
0.000042 78
0.000283 33
0.000034 77
0.000093 110
23.543181 136
0.000089 111
0.000795 134
2.438195 28
0.011596 8
0.000043 94
109.531422 21
1.196525 35
0.049908 25
0.078011 1360
11.393863 558
0.349158 33
0.000068 107
0.001764 2
0.000039 464
0.124670 33
0.000053 124
0.000028 2
0.000089 73
0.000091 33
0.000046 107
0.000028 2
0.000887 73
0.000093 112
0.037162 195
0.000079 112
0.000073 161
0.063566 435
0.327243 452
0.026666 141
0.000225 250
0.028050 557
0.055756 33
0.000054 108
0.000031 2
0.000023 74
0.001059 425
0.203990 112
0.000154 208
0.000115 195
0.247640 249
0.000102 33
0.000053 112
0.000033 2
0.000033 85
0.000115 193
0.017000 232
0.000218 33
0.000126 148
0.000016 145
0.000123 87
0.014680 33
0.000164 523
0.013976 33
0.000213 87
0.000135 87
0.000020 368
0.000044 2
0.000017 85
0.023497 105
0.000008 87
0.000191 33
0.000245 354
0.026840 120
0.000071 2
0.000046 85
0.000056 33
0.000055 75
0.000054 2
0.000008 85
0.000070 206
0.079702 33
0.001330 8
0.000024 392
0.191837 33
0.000044 8
0.000042 86
0.000077 33
0.000041 63
0.000071 86
0.000162 142
0.015976 318
0.000093 207
0.010406 266
0.000087 223
0.017214 331
0.016404 330
0.053338 33
0.000064 77
0.000907 220
0.182892 110
0.000096 110
0.000085 110
0.017665 110
0.000247 110
0.000072 110
0.013906 110
0.000168 110
0.000067 110
0.011197 110
0.000124 220
0.017246 220
0.000141 110
13.028033 28
0.002207 8
0.000067 94
27.070672 22
0.645479 26
0.000024 2
0.000027 9
0.065662 71
0.000040 2
0.000052 71
0.000020 2
0.000034 72
0.001893 871
0.002247 50
0.000061 2
0.002129 50
0.000037 2
0.000239 65
0.000035 2
0.012005 44
0.000040 2
0.000048 50
0.000034 2
0.000043 71
0.000035 2
0.000048 79
0.000035 2
0.000050 80
0.000196 2
0.000074 74
0.001030 2
0.000085 71
0.000037 2
0.000061 80
0.000035 2
0.002125 80
0.000042 2
0.000045 75
0.000020 2
0.004007 50
0.000063 2
0.000149 50
0.000035 2
0.001798 65
0.000037 2
0.003001 48
0.000037 2
0.000062 50
0.000034 2
0.000063 50
0.000035 2
0.000069 65
0.000034 2
0.000467 50
0.000037 2
0.000055 50
0.000034 2
0.003180 50
0.000132 203
0.005586 8
0.000082 94
34.992346 20
0.739347 22
0.001708 11
0.117648 24
0.002755 142
0.000123 56
0.050153 135
0.001442 211
0.000029 42
0.000027 62
0.000026 38
0.000027 84
0.000242 78
0.000093 208
0.000262 473
3.266142 6
0.000862 10
0.000016 48
0.691151 6
0.000306 6
0.000194 6
0.000018 36
0.220361 6
0.000578 104
0.000038 7
0.000103 7
0.000077 7
0.000066 7
0.000379 1225
0.729952 125
0.001349 105
0.021930 21
0.000145 21
0.000051 7
0.000023 7
0.000091 7
0.027936 7
0.000133 7
0.000724 7
0.001380 42
0.033224 58
0.289796 6
0.000499 6
0.000016 42
0.014284 6
0.000072 6
0.000055 6
0.000172 30
0.000158 6
0.015480 6
0.000241 12
0.000034 152
0.000012 9
0.000033 17
0.000034 74
0.001034 80
0.000062 2397
0.013511 6
0.000109 114
0.000042 6
0.000044 6
0.000039 6
0.000046 113
0.000039 6
0.000042 6
0.000091 19
0.000039 77
0.000056 39
0.000039 9
0.000040 17
0.000049 71
0.000025 85
0.000047 30
0.000044 10
0.000037 80
0.000532 2119
0.024549 6
0.000100 170
0.000013 6
0.000089 6
0.000025 114
0.000012 6
0.000074 6
0.000013 69
0.000073 87
0.000143 96
0.000049 254
0.000026 90
0.000035 169
0.000259 167
0.000059 1394
0.321461 6
0.000097 164
0.001645 2538
0.017299 6
0.000408 1160
0.000160 6
0.000044 112
0.000552 207
0.000055 193
0.000072 118
0.000010 18
0.000063 75
0.000036 81
0.000203 31
0.000038 10
0.000034 80
0.000049 166
0.000072 124
0.000010 17
0.000063 40
0.000022 65
0.000069 69
0.000172 725
0.015030 6
0.000092 112
0.000066 6
0.000046 6
0.000026 6
0.000059 120
0.000039 6
0.001700 1715
0.021424 6
0.000062 121
0.000045 6
0.000945 1651
0.031768 6
0.000070 112
0.000026 18
0.000025 17
0.000024 26
0.000025 17
0.000024 25
0.000025 17
0.000054 6
0.000052 6
0.000090 6
0.000048 115
0.000041 6
0.000170 6
0.000051 17
0.000035 18
0.000045 17
0.000044 26
0.000065 42
0.000035 10
0.000006 19
0.000043 55
0.000361 1270
0.262070 118
0.002987 1459
0.016045 710
0.001339 6
0.000055 115
0.000040 6
0.000043 6
0.000045 17
0.000041 36
0.000040 17
0.000071 17
0.000041 17
0.000040 20
0.000039 17
0.000040 18
0.000039 18
0.000040 27
0.000040 18
0.000232 711
0.000045 24
0.000041 18
0.000039 21
0.000040 21
0.000042 66
0.000042 70
0.000027 22
0.000059 6
0.000083 6
0.000874 6
0.000051 118
0.000967 1085
0.008992 559
0.001184 174
0.000015 1050
0.014234 6
0.000048 104
0.000028 17
0.000085 73
0.000027 26
0.000025 9
0.000021 17
0.000132 346
0.000063 6
0.000033 141
0.000024 9
0.000024 17
0.000027 73
0.000024 26
0.000045 9
0.000029 17
0.000025 23
0.000024 17
0.000027 21
0.000020 18
0.000110 250
0.000174 6
0.000035 112
0.000026 46
0.000068 9
0.000028 17
0.000061 73
0.000011 26
0.000138 330
0.009435 6
0.000056 104
0.000084 12
0.000029 6
0.000008 108
0.000419 1074
0.242432 261
0.000025 1533
0.014900 6
0.000088 407
0.000024 13
0.000024 9
0.000029 17
0.000021 46
0.000121 323
0.000177 6
0.000043 179
0.000053 313
0.000025 13
0.000024 9
0.000024 17
0.000025 47
0.000024 10
0.000028 18
0.000027 74
0.000283 203
0.000484 951
0.007360 992
0.000143 6
0.000036 176
0.000042 6
0.000046 6
0.000063 77
0.000029 79
0.000056 84
0.000065 313
0.000049 14
0.000021 10
0.000021 18
0.000305 47
0.000087 1335
0.009218 6
0.000154 104
0.000045 6
0.000066 6
0.000027 6
0.000025 151
0.000061 12
0.000067 85
0.000023 161
0.000010 85
0.000324 1834
0.012738 6
0.000140 175
0.000014 12
0.000030 6
0.000114 177
0.000036 6
0.000035 77
0.000062 143
0.000046 9
0.000031 76
0.000013 81
0.000071 80
0.000046 85
0.000048 76
0.000010 318
0.000098 14
0.000057 10
0.000036 15
0.000029 47
0.000023 28
0.000025 79
0.000239 1265
0.012281 140
0.000079 6
0.000024 6
0.000047 6
0.000026 104
0.000027 6
0.000041 6
0.000021 39
0.000023 9
0.000024 76
0.000035 161
0.000348 68
0.002084 2102
0.040143 6
0.000048 177
0.000067 55
0.000073 9
0.000029 39
0.000024 9
0.000027 76
0.000027 80
0.000026 84
0.000026 56
0.000023 10
0.000028 80
0.000027 82
0.000026 78
0.000026 80
0.000027 86
0.000051 318
0.000024 14
0.000023 10
0.000024 6
0.000107 6
0.000065 6
0.000025 104
0.000198 1251
0.000051 6
0.000029 134
0.000023 9
0.000094 82
0.000031 55
0.000024 9
0.000024 39
0.000024 9
0.000026 76
0.000026 80
0.000027 85
0.000025 57
0.000023 10
0.000026 80
0.000192 656
0.196493 6
0.000061 138
0.000407 1210
0.000295 6
0.000044 104
0.000038 43
0.000035 39
0.000033 9
0.000038 82
0.000036 55
0.000033 9
0.000064 48
0.000015 77
0.000037 81
0.000156 85
0.000127 147
0.000033 160
0.000014 80
0.000948 253
0.000060 6
0.000039 144
0.000288 1091
0.014513 621
0.000178 104
0.000116 177
0.008668 7
0.000014 7
0.000045 7
0.000050 13
0.000110 12
0.000006 85
0.012111 6
0.000058 6
0.000036 6
0.000121 36
0.013018 6
0.000137 48
0.033036 6
0.000245 6
0.000583 1189
0.220305 7
0.000351 7
0.000076 7
0.000059 7
0.000075 7
0.000107 7
0.000041 7
0.000080 7
0.000145 7
0.011796 7
0.000124 7
0.000019 7
0.000123 7
0.000041 7
0.000049 7
0.000031 7
0.000114 7
0.000014 7
0.011576 7
0.000318 7
0.000018 7
0.000073 7
0.000061 7
0.000065 7
0.000076 7
0.000057 7
0.000182 7
0.006416 7
0.000072 7
0.000065 7
0.000326 40
0.010610 6
0.000082 6
0.000013 6
0.000100 6
0.000038 12
0.001511 12
0.000022 6
0.011220 6
0.000083 6
0.000010 18
0.000028 6
0.000024 6
0.000042 6
0.000091 6
0.036639 6
0.000172 6
0.001999 1106
0.205732 6
0.000064 172
0.000039 73
0.000035 18
0.000037 41
0.000037 42
0.000394 783
0.002670 2297
0.009922 6
0.000277 1118
0.000055 6
0.000028 104
0.000024 18
0.000051 26
0.000078 75
0.000030 77
0.000027 73
0.000024 18
0.000025 41
0.000026 42
0.000025 42
0.000161 570
0.000063 6
0.000135 154
0.000026 9
0.000025 18
0.000024 26
0.000027 75
0.000026 77
0.000027 73
0.000024 18
0.000025 41
0.000026 43
0.000028 42
0.000699 43
0.000148 499
0.010624 6
0.000220 127
0.000042 6
0.000267 1121
0.000064 26
0.000056 6
0.000048 104
0.000040 19
0.000041 32
0.000027 59
0.000053 9
0.000039 18
0.000103 26
0.000073 75
0.000158 77
0.000106 683
0.004928 6
0.000070 171
0.000039 6
0.000046 6
0.000026 6
0.000059 121
0.000069 6
0.000046 6
0.000066 85
0.000036 23
0.000006 29
0.000075 68
0.000307 48
0.000018 1815
0.013775 6
0.000101 104
0.000043 6
0.000043 6
0.000040 6
0.000053 144
0.000039 6
0.000237 6
0.000046 9
0.000026 17
0.000048 99
0.000021 9
0.000035 23
0.000024 29
0.000019 59
0.000035 10
0.000260 23
0.000077 1499
0.023328 6
0.000056 108
0.000056 6
0.000031 6
0.000053 6
0.000044 104
0.000039 6
0.000076 23
0.000046 23
0.000041 49
0.000040 9
0.000256 40
0.000036 1507
0.323498 6
0.000345 216
0.000043 6
0.000044 6
0.000036 6
0.000175 110
0.000052 6
0.000009 123
0.000436 1546
0.007031 6
0.000101 170
0.000093 6
0.000076 6
0.000064 6
0.000055 172
0.000151 6
0.000118 6
0.000035 75
0.000082 41
0.000033 132
0.000064 17
0.000030 23
0.000043 50
0.000038 10
0.000092 42
0.000032 87
0.000045 24
0.000007 30
0.000076 93
0.000238 938
0.011490 6
0.000113 144
0.000044 6
0.000168 6
0.000503 1738
0.013253 110
0.000027 6
0.000112 12
0.000023 123
0.000011 6
0.000061 37
0.000010 49
0.000052 9
0.000023 77
0.000036 75
0.000094 41
0.000014 136
0.000064 18
0.000040 24
0.000042 50
0.000257 28
0.000051 24
0.000066 87
0.000010 30
0.000054 173
0.000067 68
0.000021 9
0.000034 49
0.000024 9
0.000022 77
0.000024 75
0.000048 169
0.000204 241
0.022712 6
0.000147 104
0.000088 6
0.000030 6
0.000026 6
0.000052 153
0.000024 6
0.000062 6
0.000024 9
0.000344 103
0.000055 1466
0.041877 6
0.000191 104
0.000055 6
0.000071 6
0.000050 6
0.000753 145
0.000068 1966
0.209334 7
0.000354 7
0.000083 7
0.000059 7
0.000059 7
0.000042 7
0.000077 7
0.000055 7
0.000218 7
0.007937 7
0.000181 7
0.000063 7
0.000061 7
0.000038 7
0.000077 7
0.000031 7
0.000166 7
0.000018 7
0.014944 7
0.000048 7
0.000611 28
0.000167 7
0.000066 7
0.000153 7
0.003443 7
0.000056 7
0.000293 28
0.000094 7
0.000089 7
0.000158 7
0.018123 7
0.000085 12
0.000010 6
0.000070 6
0.000031 6
0.000130 12
0.000013 6
0.016255 6
0.000861 6
0.000016 24
0.000036 6
0.000044 6
0.000512 6
0.231889 18
0.000105 6
0.000310 12
0.000921 6
0.000044 6
0.000127 34
0.000033 6
0.010091 6
0.000073 221
0.000107 194
0.000036 6
0.000040 6
0.000069 128
0.000037 17
0.000034 21
0.000038 71
0.000038 65
0.001202 1282
0.000020 346
0.001337 382
0.008936 6
0.000042 152
0.000196 1102
0.000389 1258
0.000054 6
0.000028 104
0.000232 1088
0.013157 1150
0.000276 6
0.000080 167
0.000068 6
0.000058 6
0.000059 25
0.000049 9
0.000158 67
0.000046 57
0.000066 9
0.000054 81
0.000056 129
0.000041 14
0.000039 22
0.000042 67
0.000028 66
0.000088 10
0.000040 14
0.000040 29
0.000043 72
0.000042 72
0.000044 77
0.000029 72
0.000056 72
0.000049 6
0.000026 173
0.000039 72
0.000354 672
0.000038 72
0.000179 77
0.000023 84
0.009904 6
0.000086 173
0.000011 12
0.000380 2288
0.023303 6
0.000115 161
0.000011 12
0.000062 6
0.000010 173
0.000056 6
0.000081 6
0.000038 78
0.000024 76
0.000022 78
0.000024 78
0.000058 100
0.000010 77
0.000076 154
0.000011 131
0.000050 18
0.000035 22
0.000024 72
0.000034 66
0.000067 10
0.000225 24
0.000071 1204
0.231392 178
0.001822 2561
0.015135 1250
0.000258 6
0.000044 104
0.000028 34
0.000023 9
0.000030 81
0.000275 1012
0.000101 6
0.000077 120
0.000195 9
0.000096 34
0.000059 9
0.000030 81
0.000056 77
0.000043 76
0.000049 78
0.000024 66
0.000043 10
0.000046 77
0.000045 79
0.000094 79
0.000025 73
0.000044 26
0.000042 10
0.000045 68
0.000064 58
0.000025 10
0.000058 83
0.000112 133
0.002451 6
0.000055 170
0.000056 6
0.000330 6
0.000151 2441
0.009032 6
0.000072 165
0.000040 6
0.000092 6
0.000042 6
0.000045 104
0.000039 6
0.000041 6
0.000046 70
0.000042 69
0.000038 9
0.000043 75
0.000051 28
0.000034 34
0.000045 9
0.000011 82
0.000073 78
0.000023 77
0.000022 79
0.000026 70
0.000048 87
0.000023 79
0.000036 79
0.000021 73
0.000024 29
0.000065 78
0.000011 179
0.000303 1056
0.013789 6
0.000933 150
0.000088 7
0.000030 7
0.000058 14
0.000065 7
0.000025 62
0.000071 106
0.000052 53
0.000006 46
0.000177 718
0.010790 7
0.000132 14
0.000016 7
0.000035 7
0.000074 7
0.000012 7
0.000136 7
0.000013 7
0.052115 7
0.000026 7
0.001122 49
0.190470 7
0.000041 7
0.000104 7
0.000064 7
0.000024 7
0.000097 7
0.000132 21
0.011327 7
0.000011 7
0.000150 7
0.000056 7
0.000042 6
0.000043 6
0.000021 6
0.000136 12
0.009103 6
0.000767 30
0.000040 6
0.000026 6
0.001185 6
0.008004 18
0.000053 6
0.000026 6
0.000216 6
0.000061 6
0.000025 6
0.000082 6
0.009577 6
0.000028 6
0.000134 6
0.000093 6
0.000349 178
0.000789 1988
0.017484 6
0.000072 122
0.000126 6
0.000054 6
0.000041 6
0.000049 70
0.000039 6
0.000045 6
0.000047 27
0.000040 9
0.000045 83
0.000041 55
0.000059 9
0.000049 51
0.000042 44
0.000049 43
0.000028 43
0.000060 42
0.000042 34
0.000022 44
0.000044 25
0.000065 46
0.000033 86
0.000136 58
0.000011 267
0.000025 6
0.000051 167
0.000033 97
0.000074 92
0.000012 61
0.000177 701
0.031261 6
0.000109 73
0.000072 164
0.000464 1979
0.215519 6
0.000670 116
0.000041 497
0.000015 84
0.000037 56
0.000034 10
0.000033 52
0.000402 1508
0.010522 6
0.000229 83
0.000098 6
0.000070 6
0.000056 6
0.000063 104
0.000056 6
0.000099 6
0.000108 101
0.000009 61
0.000510 1900
0.012740 129
0.000069 6
0.000090 37
0.000030 12
0.000013 35
0.000064 35
0.000081 9
0.000062 80
0.000031 21
0.000012 61
0.000064 19
0.000277 68
0.000069 1757
0.007909 6
0.000070 19
0.000074 6
0.000076 6
0.000041 6
0.000046 120
0.000040 6
0.000043 6
0.000044 19
0.000041 16
0.000040 11
0.000027 35
0.000053 35
0.000053 9
0.000083 80
0.000012 21
0.000066 62
0.000041 20
0.000053 119
0.000025 77
0.000307 146
0.000063 1193
0.013916 6
0.000092 121
0.000041 6
0.000110 6
0.000030 6
0.000310 1876
0.015291 6
0.000130 25
0.000038 6
0.000082 6
0.000055 6
0.000064 125
0.000073 6
0.000036 6
0.000014 26
0.000145 41
0.000058 22
0.000039 32
0.000012 45
0.000357 1489
0.229547 6
0.000042 104
0.000375 1620
0.013143 6
0.000141 82
0.000069 6
0.000059 6
0.000042 6
0.001235 178
0.000065 6
0.000043 6
0.000066 82
0.000047 82
0.000022 53
0.000368 1375
0.020715 6
0.000103 189
0.000064 6
0.000051 6
0.000573 6
0.000039 9
0.000044 6
0.000053 6
0.000039 6
0.000022 128
0.000023 6
0.000034 6
0.000006 6
0.001633 75
0.000028 2072
0.016298 6
0.000061 189
0.000759 1005
0.000058 23
0.000011 201
0.000025 9
0.000059 94
0.000183 948
0.021636 1138
0.000709 2501
0.034767 6
0.000049 116
0.000114 69
0.000036 71
0.000027 71
0.000025 40
0.000024 9
0.000116 534
0.000010 84
0.000027 83
0.000028 83
0.000025 54
0.000024 10
0.000024 19
0.000025 31
0.000047 26
0.000202 12
0.002745 2659
0.186946 2835
0.014081 6
0.000045 71
0.000029 66
0.000026 44
0.000025 22
0.000026 66
0.000108 66
0.000127 21
0.000053 69
0.000028 71
0.000026 72
0.000025 41
0.000024 10
0.000028 95
0.000027 74
0.000026 76
0.000026 76
0.000024 34
0.000073 10
0.000034 95
0.000028 77
0.000027 84
0.000026 83
0.000024 6
0.000102 6
0.000089 6
0.000030 116
0.000077 71
0.000254 1182
0.000055 6
0.000029 48
0.000025 21
0.000100 71
0.000045 66
0.000177 44
0.000032 22
0.000058 66
0.000042 66
0.000040 21
0.000042 70
0.000042 72
0.000042 72
0.000040 41
0.000081 10
0.000051 95
0.000049 74
0.000043 76
0.000022 76
0.000138 228
0.007219 6
0.000116 167
0.000010 6
0.000057 6
0.000010 69
0.000420 2464
0.012717 6
0.000103 31
0.000051 6
0.000054 6
0.000049 6
0.000063 171
0.000049 6
0.000040 6
0.000234 29
0.000031 16
0.000028 69
0.000037 71
0.000022 46
0.000022 21
0.000024 71
0.000328 1986
0.008648 169
0.000070 12
0.000010 6
0.000058 75
0.000026 6
0.000024 6
0.000058 100
0.000036 81
0.000041 29
0.000023 16
0.000040 69
0.000023 71
0.000020 46
0.000024 22
0.000051 144
0.000020 43
0.000036 23
0.000024 72
0.000034 65
0.000023 22
0.000022 70
0.000024 72
0.000056 118
0.000005 16
0.000264 1258
0.021201 6
0.000078 27
0.000042 6
0.000054 6
0.000044 6
0.000012 161
0.000070 12
0.000010 25
0.000054 27
0.000023 80
0.000331 66
0.000050 1989
0.215421 6
0.000512 145
0.000030 6
0.000031 6
0.000024 6
0.000032 74
0.000024 6
0.000030 6
0.000053 48
0.000169 27
0.000029 71
0.000025 25
0.000026 27
0.000027 80
0.000027 66
0.000026 34
0.000115 82
0.000063 30
0.000595 1812
0.011462 6
0.000110 73
0.000033 6
0.000081 127
0.000153 12
0.000070 73
0.000045 64
0.000043 79
0.000028 48
0.000149 27
0.003486 1954
0.014332 6
0.000049 173
0.000026 18
0.000024 20
0.000027 73
0.000027 67
0.000026 74
0.000026 50
0.000024 27
0.000026 66
0.000358 28
0.000028 28
0.000027 76
0.000027 69
0.000025 35
0.000026 77
0.000025 32
0.000024 17
0.000027 70
0.000027 67
0.000053 49
0.000028 22
0.000028 72
0.000024 6
0.000094 6
0.001428 6
0.000034 22
0.000025 6
0.000027 6
0.000023 6
0.000590 2129
0.000054 28
0.000011 199
0.000033 69
0.000037 35
0.000027 77
0.000025 32
0.000024 17
0.000063 6
0.000092 6
0.013607 6
0.000105 146
0.000034 9
0.000316 1078
0.000066 6
0.000081 67
0.000036 51
0.000024 9
0.000027 72
0.000027 80
0.000027 68
0.000268 703
0.000209 35
0.000013 89
0.000074 6
0.000032 179
0.000195 1098
0.019477 6
0.000108 82
0.000121 6
0.000035 6
0.000179 854
0.000055 65
0.000045 80
0.000042 49
0.000052 28
0.000025 72
0.000048 54
0.000020 81
0.000043 6
0.000022 69
0.000012 9
0.000065 166
0.000006 67
0.000307 854
0.949051 6
0.000354 10
0.000085 24
0.000144 10
0.000040 24
0.001798 102
1.480763 11
0.697715 11
0.003693 24
0.000138 142
0.000841 56
0.019133 135
0.000814 165
0.000181 46
0.000142 42
0.000213 184
0.000205 78
0.000016 681
20.307971 6
0.000551 10
0.000249 10
0.000034 24
0.001232 34
0.000477 8
0.000378 94
6.036010 1
1.663477 4
1.421816 22
0.766573 37
0.010430 44
0.000041 2
0.000041 50
0.000034 2
0.001716 102
159.910235 1
1.284284 1
0.471891 1
0.556073 1
0.349896 1
1.121476 1
0.693087 1
0.156810 1
0.348567 1
0.215756 1
0.233843 1
0.346506 1
0.533054 1
0.240751 1
0.246034 1
0.225366 1
1.286211 11
0.045262 7
0.000885 65
0.000405 33
0.000158 8
0.000395 94
50.165057 16
0.810599 11
0.004659 8
0.000079 94
46.244215 1
0.139668 1
1.095213 1
1.200653 1
0.593498 4
0.601787 1
0.125989 1
0.440461 1
0.186495 1
0.197519 1
0.318312 1
0.577850 1
0.207857 1
0.177988 1
0.197834 1
1.243996 135
8.330206 1
0.770420 1
0.396311 1
0.714416 162
9.870966 14
0.981614 12
0.000016 111
2.904269 1
0.223607 1
0.376320 1
0.377808 129
99.526342 1
55.538681 4
0.369579 1
0.083789 1
0.756160 4
0.145993 4
0.414859 3
0.148088 8
0.417876 12
0.484183 16
0.766321 135
0.798931 13
0.444670 19
0.328013 8
0.219982 12
0.600803 2
0.000083 34
0.001760 126
2024.656680 1
0.223126 1
0.651848 113
2.196199 1
0.630027 1
0.189841 1
0.823210 11
0.106204 55
0.002953 45
0.000025 2
0.000309 102
85.998088 13
0.675108 123
10.423083 19
0.894677 140
15.589557 20
0.915135 22
0.000747 2
0.000019 14
0.000058 2
0.000136 8
0.000035 94
10.289929 26
0.706846 34
0.000027 2
0.000028 9
0.000058 12
0.000104 104
9.187697 21
0.599931 35
1.917563 113
0.003562 31
0.036072 8
0.000170 94
8.007821 1
0.159232 1
0.223561 1
0.212060 1
0.177843 1
1.010324 1
0.207976 1
0.250360 1
1.295327 1
0.327850 1
0.246239 1
0.253935 1
0.611009 1
0.170994 1
0.354184 1
0.147865 1
0.417903 1
0.732863 1
1.347815 1
0.159492 1
2.554045 1
1.327898 1
0.160158 1
0.365805 1
0.140022 1
0.123829 1
0.200419 1
0.460495 11
0.214267 37
3.901731 2
0.359851 50
0.756977 52
0.002420 62
0.045995 66
0.000922 66
0.075006 67
0.002718 67
0.204000 76
0.001975 2
0.000067 76
0.107299 63
0.004583 73
0.000119 2
0.521617 130
0.002215 2
0.004413 41
0.000109 2
0.000086 76
0.000055 2
1.407507 93
1.585390 194
0.002366 2
0.161222 61
0.001991 149
0.098924 29
0.003848 4
0.499598 33
0.500326 56
0.000903 4
0.090879 52
0.001293 112
0.000062 2
0.000181 57
0.000098 46
0.013266 156
2.070441 16
0.427846 115
0.198530 40
0.044308 43
0.002135 356
1.067053 43
0.001526 1
0.624269 44
0.095516 43
0.001469 1
0.799851 44
0.064258 43
0.002483 1
0.065183 44
0.092979 43
0.002021 1
0.125616 43
0.001659 1
0.058240 43
0.002481 1
0.794147 40
0.001959 134
0.037221 93
0.004160 2
0.000554 244
0.042973 65
0.000113 2
0.290459 64
0.001310 56
0.000045 2
0.107973 74
0.005227 64
0.000052 56
0.000042 2
0.003691 64
0.000099 56
0.000072 2
0.006560 80
0.000080 2
4.225591 2
0.002265 18
4.920639 8
0.000073 94
78.839700 27
0.091529 44
0.900826 2
0.000035 9
0.003315 2
0.000035 38
0.000025 2
0.000028 39
0.000024 2
0.000027 39
0.000024 2
0.000027 39
0.000024 2
0.000026 39
0.000024 2
0.000027 38
0.000024 2
0.000027 2
0.001029 8
0.000069 94
95.428752 16
1.074075 25
0.004039 8
0.000017 94
16.272709 18
0.679558 18
0.000044 2
0.000042 9
0.378714 45
0.000043 2
0.034273 8
0.000118 94
11.207813 19
0.657507 20
0.000029 2
0.000033 9
0.282132 91
0.000051 2
0.000066 70
0.000028 2
0.000043 64
0.000028 2
0.050175 8
0.000105 94
15.065286 21
0.739775 35
0.162462 42
0.000026 2
0.042254 8
0.000076 94
444.493073 28
0.000022 2
0.000024 40
3.197382 117
0.000031 2
0.000039 32
0.425592 1
1.045300 9
0.499836 9
0.106110 9
0.009950 9
0.019337 9
0.030697 9
0.029970 9
0.030104 9
0.030190 9
0.029507 9
0.030463 9
0.029531 9
0.031207 9
0.028765 9
0.030900 9
0.029658 9
0.030217 9
0.029511 9
0.030810 9
0.029979 9
0.165020 9
0.179651 9
0.169443 9
0.174860 9
0.169768 9
0.170065 9
0.157886 9
0.389049 8
1.379934 5
0.329542 5
0.135448 5
0.588213 5
0.580400 5
0.165434 5
0.362263 5
0.109752 5
1.141816 5
0.968970 9
1.363202 5
2.311019 5
2.459320 5
0.316044 5
0.975845 5
0.784560 5
2.141272 5
0.778287 5
1.719788 9
0.092008 5
0.922412 9
1.510986 9
0.224701 9
0.195986 9
0.172119 9
0.557665 9
0.184080 9
1.620305 5
0.280060 5
0.461575 5
0.186654 5
0.385968 5
1.018617 5
1.099005 5
0.155499 5
0.196653 5
1.693621 5
0.168087 5
0.444567 5
11.489264 152
19.962423 49
2.793588 112
0.000029 2
0.000567 26
0.002417 255
0.004220 7
0.000049 2
0.000047 38
0.000043 2
0.000105 39
0.000150 2
0.000048 39
0.000043 2
0.000046 39
0.000044 2
0.000046 39
0.000043 2
0.000046 38
0.000026 2
0.000062 2
0.001143 8
0.000059 94
193.179887 18
0.649367 18
0.000851 2
0.000353 9
0.158328 25
0.039498 99
0.000623 2
0.000021 3
0.000019 2
0.000018 15
0.000018 2
0.000019 42
0.000018 2
0.000018 3
0.000018 2
0.000019 19
0.000019 2
0.000018 45
0.000019 2
0.000018 3
0.000018 2
0.000019 22
0.000019 2
0.000020 81
0.000018 2
0.000019 3
0.000018 2
0.000019 36
0.000041 2
0.000019 89
0.000018 2
0.000019 44
0.000019 2
0.000018 3
0.000018 2
0.000100 353
212.922273 28
0.005575 8
0.000087 94
1.388415 17
0.709626 16
0.000077 2
0.000735 9
0.108971 139
0.001713 2
0.000310 102
43.278190 25
0.686971 43
0.002205 10
0.003334 8
0.000077 94
8.720940 34
2.156976 50
0.000032 2
0.000432 9
0.003248 19
0.002427 102
118.663892 38
0.000894 52
1.921374 84
0.319908 1
0.500708 1
0.030450 1
0.463816 3
0.367001 3
0.268600 3
2.368475 2
0.000017 9
0.007169 22
0.001617 22
0.000052 2
0.000172 8
0.000037 94
49.684854 10
0.000189 2
0.000030 30
0.000020 2
0.000024 52
0.000020 2
0.000023 11
1.086689 105
0.000038 2
0.001050 21
0.000015 50
4.703185 11
0.001231 20
0.000631 2
0.003685 24
0.000100 8
0.000058 94
196.961591 12
0.000022 2
0.000023 16
2.015291 101
0.000023 2
0.000337 18
0.001653 26
0.000060 2
0.000041 36
0.000906 2
0.000056 22
0.000036 2
0.000038 22
0.000034 2
0.000037 22
0.000034 2
0.000036 22
0.000034 2
0.000036 22
0.000034 2
0.000037 22
0.000034 2
0.002336 89
0.000038 2
0.000038 49
0.000035 2
0.000034 51
0.000034 2
0.000105 53
0.000968 2
0.000044 55
0.000146 2
0.000036 111
0.000034 2
0.000034 43
0.000021 2
0.000054 59
0.000037 2
0.000284 8
0.000060 94
15.796185 1
0.113633 1
0.188753 1
0.826170 11
0.002992 26
0.000051 2
0.000013 36
0.000036 2
0.000055 22
0.000045 24
0.000019 48
0.000040 2
0.000232 22
0.000019 26
0.000533 8
0.000129 94
2.490960 3
0.230334 3
1.459776 6
1.264299 6
3.795365 3
0.478507 6
0.174034 1
0.295722 3
0.137323 3
0.784445 2
0.000028 9
0.006673 465
0.000023 59
0.000020 2
0.002318 102
19.514160 6
0.752005 1
0.658372 7
1.114442 11
0.005519 5
0.000201 20
0.000263 8
0.000974 94
33.922072 5
1.049554 3
13.891030 1
1.413295 4
2.333573 1
2.147967 4
0.123382 1
1.200625 1
0.859566 1
1.695881 1
0.131823 1
0.313620 1
0.170398 1
1.275674 1
1.168134 1
3.245834 1
2.595931 1
0.176722 1
0.704267 1
0.219292 1
1.608005 1
0.387838 1
1.048927 1
0.541620 4
0.296618 1
1.091132 1
0.236336 1
0.920701 1
0.495177 1
0.827775 1
1.233793 1
0.283483 1
2.319104 1
1.803840 1
0.798980 11
0.004740 28
0.000049 2
0.000803 182
0.000160 8
0.000059 94
2000.557958 17
0.771261 16
0.000030 2
0.000033 9
0.002541 32
0.000092 2
0.000056 83
0.001121 2
0.000077 108
0.000046 2
0.000032 66
0.000060 2
0.000048 66
0.000043 2
0.000047 66
0.000043 2
0.000069 66
0.000045 2
0.000049 66
0.000043 2
0.000047 66
0.000042 2
0.000050 2
0.000049 79
0.000043 2
0.000050 108
0.000042 2
0.000110 66
0.000044 2
0.000968 1554
0.000185 8
0.000065 94
2.868205 99
0.002073 99
8.797246 1
2.207402 4
66.106477 20
0.745545 33
0.004711 56
0.000353 8
0.000968 94
31.531379 11
0.197025 1
0.194053 1
0.153835 1
0.501321 1
0.029155 1
0.029836 1
0.029581 1
0.031648 1
0.028540 1
0.029697 1
0.031078 1
0.030079 1
0.030134 1
0.028948 1
0.029886 1
0.030892 1
0.029989 1
0.029919 1
0.030026 1
0.031900 1
2.423184 5
0.208478 3
0.205617 3
0.223647 3
0.170622 3
0.157393 3
0.163015 3
0.748681 15
0.375693 11
1.336109 2
0.001497 9
0.001310 38
0.001520 1946
0.000192 8
0.000648 94
29.963570 12
0.229650 1
0.198661 1
0.156217 1
0.157166 1
0.138691 1
0.623474 15
1.509788 11
2.037731 11
0.003762 38
0.000026 2
0.000031 99
0.000076 2
0.000136 548
0.000015 93
0.000018 2
0.000015 76
0.000018 2
0.000015 76
0.000006 2
0.001036 1044
0.000168 8
0.000162 94
31.418134 17
0.627771 27
0.000630 3
0.000062 2
0.000447 8
0.000068 94
39.363467 72
0.787007 171
0.066100 4
0.000026 2
0.000022 1
0.000019 2
0.000021 1
0.000020 2
0.000021 1
0.000019 2
0.000021 1
0.000020 2
0.000021 1
0.000019 2
0.000021 1
0.000019 2
0.000021 1
0.000020 2
0.000021 1
0.000020 2
0.001026 91
0.000247 8
0.000038 94
27.946930 27
0.827220 47
0.000832 32
0.000664 2
0.000046 83
0.000024 2
0.000034 108
0.000031 2
0.000037 66
0.000025 2
0.000028 66
0.000025 2
0.000028 66
0.000024 2
0.000027 66
0.000025 2
0.000028 66
0.000024 2
0.000051 66
0.000024 2
0.000033 2
0.000030 79
0.000024 2
0.000031 108
0.000024 2
0.000028 66
0.000024 2
0.000027 66
0.000024 2
0.000027 66
0.000024 2
0.000028 66
0.000221 1352
0.005051 32
0.000054 2
0.000058 83
0.000035 2
0.000041 108
0.000035 2
0.000038 66
0.000034 2
0.000039 66
0.000034 2
0.000038 66
0.000053 2
0.000041 66
0.000034 2
0.000091 66
0.000072 2
0.000074 66
0.000037 2
0.000027 2
0.000055 79
0.000016 2
0.001117 1732
0.002164 8
0.000243 94
57.749832 27
0.000020 46
3.964063 166
0.002715 32
0.000031 2
0.000073 83
0.000044 2
0.000050 108
0.000042 2
0.000048 66
0.000042 2
0.000068 66
0.000544 2
0.000071 66
0.000045 2
0.000048 66
0.000043 2
0.000048 66
0.000043 2
0.000047 66
0.000043 2
0.000049 2
0.000072 79
0.000043 2
0.000051 108
0.000388 2
0.000136 66
0.001299 1556
0.000736 110
56.837282 23
0.913476 39
0.046999 7
0.000784 48
0.000033 2
0.000436 8
0.000050 94
332.345299 99
17168.816853 99
42.558120 13
0.811423 19
0.135655 4
0.001630 2
0.000401 8
0.000077 94
8.381272 1
0.775199 15
1.308511 23
0.006042 8
0.000201 94
13.124838 6
0.062161 5
0.627552 11
0.005581 6
0.000091 2
0.001878 8
0.000256 94
29.426091 13
0.713184 19
1.998932 141
0.105253 8
0.000956 94
12.449376 1
0.350817 1
0.489065 1
0.225810 1
0.203041 1
1.049228 1
0.382817 1
0.209291 1
0.237923 1
0.586626 1
0.327569 1
0.200101 1
0.233556 1
0.712543 4
0.530184 1
0.165669 1
0.365304 1
0.204183 1
0.706549 1
1.777734 1
0.211762 1
0.414072 1
0.694260 1
2.800741 1
0.373144 1
0.268596 1
0.275668 1
0.213024 1
1.408652 11
0.047866 37
5.836130 2
0.195396 50
0.154837 52
0.003216 60
0.000103 2
0.064216 66
0.000245 66
0.195650 67
0.000157 67
0.439976 67
0.041377 76
0.000179 2
0.000208 76
0.000195 63
0.007713 73
0.000883 2
1.080717 130
0.000143 2
0.006224 41
0.001509 2
0.000198 76
0.000161 2
0.004156 95
0.000141 2
0.002694 117
0.000261 2
0.001975 39
0.001657 2
0.002840 38
0.001297 2
0.000136 117
0.000116 2
0.000191 79
0.000121 2
0.578366 79
0.004119 119
0.002581 51
0.194144 195
0.002843 2
0.162568 251
1.327674 2
0.041064 29
0.000098 4
0.500645 33
0.279781 172
0.009143 52
0.033164 44
0.000112 102
0.000254 2
0.000343 85
0.280264 204
0.000440 47
0.000665 100
0.000076 2
0.000121 52
0.000143 35
0.002278 4
0.154403 70
0.002648 195
0.501965 58
0.500819 58
0.499507 54
0.001610 4
0.383013 83
0.000309 26
0.000111 101
0.000084 2
0.000224 46
0.000107 4
0.006236 230
0.004010 39
0.000563 111
0.003072 50
0.005457 207
0.030073 78
0.005851 191
0.008298 237
0.222456 54
0.002415 214
0.160409 41
0.004291 28
0.002029 196
0.046984 78
0.001262 26
0.000727 108
0.000095 2
0.000205 38
0.000212 4
0.007305 39
0.000087 25
0.000092 4
0.000094 27
0.001431 50
1.342210 70
0.503216 213
0.005974 3791
18.151417 60
0.168975 213
0.005072 3124
5.692469 66
0.492236 16
0.127346 77
0.002404 41
0.059088 40
0.000390 2
0.000197 1
0.000329 40
0.000214 3
0.000719 1
0.000224 40
0.000117 3
0.001901 309
0.103008 40
0.000208 4
0.033961 40
0.000300 3
0.000275 1
0.022884 40
0.000420 3
0.000297 1
0.109755 40
0.000753 4
0.046827 40
0.000213 3
0.001790 1
0.032125 40
0.000167 3
0.000242 1
0.014015 40
0.003196 4
0.014355 40
0.001080 3
0.000215 1
0.022474 40
0.000177 3
0.000273 1
0.403058 40
0.003931 144
0.033876 87
0.000404 2
0.001419 64
0.000225 96
0.000127 2
0.031517 64
0.000110 96
0.000184 2
0.004759 66
0.222066 162
0.110837 71
0.090021 87
0.001427 2
0.000522 64
0.000103 96
0.000185 2
0.859632 58
0.002832 2
1.117871 64
0.002231 98
0.102814 76
0.088310 99
0.001162 2
0.002944 162
0.004800 74
0.076632 64
0.001870 98
0.149295 74
0.002264 2
0.251018 90
0.000168 2
0.000954 64
0.000104 96
0.000087 2
0.006440 65
0.000604 2
0.152638 162
0.103949 84
0.095030 94
0.003564 164
0.004215 71
0.000238 2
2.901854 64
0.008495 98
0.223841 81
0.173244 89
0.001982 2
0.003962 64
0.000158 98
0.022747 66
0.000215 2
0.227313 64
0.001941 98
0.179700 78
0.090834 86
0.000643 2
0.000630 162
0.066361 65
0.084196 64
0.001796 98
0.148321 80
0.093898 99
0.001602 2
0.000484 64
0.000121 98
0.014218 76
0.000205 2
0.083151 162
0.081432 78
0.002218 2
0.187617 99
0.001130 2
0.000577 162
0.008759 72
0.431540 64
0.001360 98
0.109657 76
0.104189 92
0.000862 2
0.000238 64
0.000123 96
0.000174 2
0.077329 65
0.002276 2
0.083796 162
0.166202 84
0.004053 2
0.146714 106
0.001102 2
0.002038 64
0.000105 96
0.000110 2
0.021849 85
0.226393 162
0.153454 76
0.092351 94
0.001565 2
0.000694 64
0.000103 96
0.000260 2
0.005456 71
0.000811 2
0.097028 162
0.080891 86
0.089503 101
0.000209 2
0.001955 162
0.020170 76
0.000206 2
0.144491 162
0.095206 73
0.085985 94
0.001704 2
0.001071 64
0.000106 96
0.000088 2
0.025930 63
0.000212 2
0.212727 64
0.000329 96
0.000924 2
0.215755 74
0.020273 64
0.000818 96
0.000981 2
0.879196 182
0.031491 64
0.000192 96
0.000439 2
0.003566 92
0.008671 64
0.000700 98
0.002474 64
0.001067 98
0.004092 78
0.001099 2
0.007292 160
0.000148 2
0.005384 160
0.000458 2
0.004917 72
0.004940 64
0.000660 98
0.026473 162
0.005820 79
0.003859 64
0.001147 98
0.006489 162
0.002836 75
0.010847 64
0.000533 96
0.000069 2
0.005345 162
0.004667 74
0.005702 162
0.004583 64
0.002030 98
0.005571 85
0.003912 162
0.005239 162
0.006376 73
0.004242 64
0.001572 98
0.003148 162
0.005028 79
0.000210 2
0.007113 64
0.000103 96
0.000088 2
0.005449 64
0.000307 96
0.001249 2
0.004841 80
0.004116 162
0.012998 162
0.003433 65
0.000668 2
0.076711 162
0.866189 78
0.070725 69
0.346348 76
0.000168 2
0.001018 2
0.032020 98
0.000223 2
0.024523 120
0.184840 87
0.125520 38
0.679699 78
0.019081 68
0.001042 2
0.872420 41
0.043756 20
0.046875 22
0.000188 2
0.069141 77
0.001155 92
0.014657 21
0.027842 64
0.000282 2
0.055252 29
0.000245 2
0.021395 30
0.000187 2
1.880150 28
0.000730 2
2.187268 29
0.026810 41
0.000298 2
0.046582 63
0.069727 80
0.002111 198
1.916532 18
0.000546 2
3.161361 121
0.002228 2
5.173586 64
0.001024 98
0.006971 85
0.004465 64
0.000220 96
0.000129 2
0.006624 160
0.000536 2
0.005582 70
0.000259 2
0.007039 162
0.019497 21
0.002885 128
0.000469 21
0.013298 21
0.001037 128
0.000553 22
0.000181 2
0.030807 21
0.000274 128
0.002871 36
0.011441 21
0.000188 128
0.000824 34
0.001578 2
0.016828 182
0.015953 182
0.012966 149
0.000209 24
0.001825 2
0.019518 64
0.000136 96
0.000084 2
0.007570 86
0.959514 73
0.892521 80
0.000647 2
3.867098 85
1.489891 2
0.003283 18
6.434074 102
73.068618 26
0.248610 33
0.811655 11
0.217674 173
0.003344 8
0.000080 94
30.904281 11
0.594023 15
0.004085 2
13.024351 1
0.750533 1
0.464633 1
0.136503 1
0.578311 2
0.002440 102
25.120877 13
0.675855 19
0.000026 4
0.001378 2
