0.020859 8
0.000131 72
25.629908 66
1.483903 121
0.000398 11
0.014775 37
4.127689 2
0.013864 72
0.000112 2
0.002850 80
6.640254 29
0.748849 51
0.056276 72
0.000372 2
0.021987 8
0.000077 72
10.351236 27
0.815374 47
0.022103 25
16.319933 190
7.694361 62
0.000569 27
4.722788 2
0.004133 55
6.535946 2
0.059759 54
0.005753 8
0.000292 72
25.159133 32
1.155594 98
0.037335 8
0.000043 72
56.136902 20
1.000118 33
0.013482 14
4.861873 2
0.064912 24
0.000247 30
0.004000 38
0.000021 13
0.000778 2
0.000993 40
0.000050 15
0.000028 2
0.001078 40
0.000036 15
0.000103 2
0.000651 2
5.048846 1
0.152233 1
0.483907 1
0.151928 1
0.638631 1
0.449741 1
0.391800 2
0.000422 29
141.390266 2
0.541855 6
0.369713 2
0.846622 6
0.319556 2
0.766295 26
3.159794 1
0.327986 1
0.550108 1
0.129028 1
0.650824 2
0.004960 8
0.003320 72
3.224814 11
0.407754 14
1.188160 1
0.329100 1
0.471756 1
0.194225 1
5.746736 1
0.442713 1
0.970846 1
0.415673 1
0.412379 1
0.393762 1
0.573917 1
0.144207 1
1.781768 1
5.372169 1
0.233522 1
0.254317 1
0.316222 1
0.249880 1
0.325924 1
7.834704 1
0.237121 1
0.340294 1
5.498044 1
1.940722 1
0.501229 1
0.468013 4
0.276141 1
0.714098 1
6.013882 1
0.879517 1
0.152207 1
0.170166 1
0.153960 1
0.452240 1
1.188581 1
7.120720 1
0.072703 1
0.339752 1
0.165964 1
0.284041 1
0.434113 1
1.131507 11
0.082851 154
0.000834 3
0.061837 8
0.000042 72
6.359897 39
0.407791 1
0.500808 1
0.030732 1
0.029104 1
0.030321 1
0.030657 1
0.031094 1
0.030292 1
0.029989 1
0.030751 1
0.031480 1
0.030447 1
0.031335 1
0.030569 1
0.030648 1
0.030017 1
0.030287 1
0.963439 5
0.163399 5
0.165984 5
0.152008 5
0.168048 5
0.169548 5
0.164476 5
0.161939 5
0.144499 5
0.771677 5
0.277594 5
0.158179 5
0.304099 5
0.321801 5
0.270477 5
0.285444 5
0.206084 5
0.430305 5
0.441828 11
0.075553 80
3.438553 39
0.331011 86
0.431991 78
1.159878 11
0.013311 14
4.836638 2
0.056336 9
0.002276 13
0.000051 2
0.001218 12
0.000376 16
0.000028 2
0.006566 38
0.000044 13
0.000039 2
0.001400 40
0.000049 15
0.000040 2
0.000953 40
0.000042 15
0.000023 2
0.001328 2
3.122061 4
0.585521 4
0.659147 3
0.171468 3
0.160020 6
0.151983 3
0.501562 3
0.030341 6
0.479912 1
0.134039 1
0.422349 1
0.159495 1
0.654875 1
0.711722 1
1.434060 10
0.000067 21
187.262520 1
0.483697 1
0.530000 1
0.200017 1
0.770538 2
0.002930 8
0.000065 72
65.760922 24
0.746415 41
0.338940 33
0.500064 29
0.002190 4
0.501056 33
0.044237 569
0.225461 239
0.101431 252
0.115702 89
0.141519 89
0.025216 81
0.000495 46
0.000077 2
0.000067 85
0.000079 4
0.121457 85
0.000462 4
0.087285 85
0.000059 4
0.101565 85
0.000311 4
0.171561 89
0.500734 89
0.151257 81
0.000830 222
0.192916 57
0.036208 185
0.000617 27
0.500768 33
0.499210 62
0.001811 4
0.501046 33
0.496073 25
0.000428 80
0.000047 2
0.000189 29
0.000051 4
0.500676 29
0.002481 4
0.500509 33
0.500557 33
0.495453 29
0.002465 37
0.500943 33
0.496237 105
0.000608 35
0.500142 33
0.500244 33
0.500930 29
0.000072 4
0.500699 33
0.500250 33
0.500524 33
0.500766 33
0.496874 29
0.001015 37
0.500868 33
0.495919 25
0.000666 80
0.000059 2
0.000064 63
0.000040 2
0.000080 30
0.000058 4
0.000069 26
0.581572 50
0.027096 50
0.000387 50
0.000097 50
0.000498 50
0.000135 50
0.000420 50
0.000095 50
0.000155 50
0.000140 50
0.000125 50
0.000086 50
0.000411 50
0.000077 50
0.016929 50
0.001082 50
0.111377 50
0.306396 50
0.002279 50
0.081445 50
0.001594 50
0.130463 50
0.003293 50
0.027902 50
0.001509 50
0.000450 50
0.001937 50
0.014340 50
0.000134 50
0.134342 51
0.712637 51
0.273657 51
0.002194 51
0.206552 102
0.237248 51
0.387201 102
0.040243 51
0.001966 51
0.020464 51
0.000127 51
0.025855 51
0.054993 51
0.181542 51
0.045399 51
0.000346 51
0.052337 51
0.003533 51
0.148360 51
0.002341 51
0.039043 51
0.008738 51
0.172103 102
0.033318 204
0.001358 51
0.003943 51
0.003106 204
0.008103 51
0.001412 51
0.000249 51
0.000440 51
0.050772 51
0.000104 51
0.015770 51
0.000182 51
0.046077 51
0.000034 51
0.018023 102
0.012527 102
0.006469 51
0.000135 51
0.000903 51
0.002713 51
0.114627 51
0.000060 51
0.014462 51
0.130057 62
0.813739 66
0.002046 66
0.000903 66
0.064927 67
0.002296 67
0.178611 76
0.001627 78
0.040906 63
0.005163 75
0.043110 127
0.000745 2
0.011047 7
0.000086 1
0.000061 2
0.000094 4
0.000294 177
0.000066 13
0.000034 7
0.001208 220
0.000044 6
0.023073 8
0.000079 72
10.592529 47
0.740348 113
0.401833 50
0.027386 52
0.000067 60
0.000082 2
0.011899 66
0.000078 66
0.064417 67
0.003596 67
0.181934 76
0.000062 2
0.000101 76
0.000103 63
0.002957 73
0.000913 2
0.035665 99
0.000122 2
0.000077 74
0.000074 2
0.000119 94
0.000086 2
0.437806 106
1.049035 62
0.000896 16
0.004459 2
0.099164 194
0.000473 2
0.000055 83
0.000038 2
0.056235 62
0.000344 2
0.000061 141
0.000094 2
0.000063 34
0.000049 9
3.455401 2
0.022071 29
0.000172 4
0.500367 29
0.001934 4
0.500414 33
0.226244 183
0.229629 39
0.000800 28
0.015057 181
0.500680 38
0.000740 4
0.008622 144
1.871733 1
0.001407 15
0.301200 40
0.000463 1
0.465128 40
0.033945 2
0.000211 1
0.000273 40
0.000103 3
0.000133 1
0.000250 40
0.000281 312
0.950370 44
0.720253 44
0.206464 44
1.512297 44
0.104345 44
0.270447 43
0.000569 1
0.070378 43
0.000471 1
0.101782 43
0.000838 1
0.197646 43
0.000530 1
0.556087 180
0.017858 94
0.000215 2
0.000302 64
0.000162 56
0.000070 2
0.135762 64
0.000551 58
0.016521 108
0.000250 2
0.774809 64
0.000359 56
0.000110 2
0.172940 75
0.045970 122
0.015219 64
0.000074 58
0.063796 41
0.016819 40
0.000211 2
0.000085 1
0.000125 40
0.000088 3
0.000080 1
0.000089 40
0.000083 3
0.000079 1
0.000147 40
0.000089 3
0.000079 1
0.000084 40
0.000081 3
0.000157 1
0.000092 40
0.000083 3
0.000079 1
0.000096 40
0.000129 3
0.000099 1
0.000050 40
0.000118 3
0.000070 1
0.000083 40
0.000625 48
0.021979 40
0.000497 3
0.000081 1
0.011798 40
0.000110 3
0.000114 1
0.011259 40
0.000124 3
0.000084 1
0.168795 44
0.014781 40
0.000108 3
0.000101 1
0.009384 40
0.000405 3
0.000061 1
0.005561 40
0.000190 3
0.000294 1
0.006961 40
0.000125 3
0.002069 1
0.011906 40
0.000114 3
0.000082 1
0.035670 40
0.000276 4
0.000107 1
0.000082 40
0.000069 93
0.000122 2
0.018980 95
0.000164 2
0.013172 64
0.002557 58
0.024138 109
0.000071 2
0.538942 122
0.086712 76
0.030702 64
0.000051 56
0.000040 2
0.110532 122
0.068060 157
0.000135 58
1.146216 252
0.001718 205
0.021447 120
0.000253 2
0.000150 178
0.001404 82
5.529213 136
0.183115 2
0.001039 15
0.000045 3
2.865706 7
0.000246 1
0.000043 2
0.000037 4
0.000036 52
0.000094 4
0.001088 2
0.004705 8
0.000056 72
4.634079 38
0.902405 38
0.389127 26
0.439834 50
0.616240 78
0.679622 11
0.133345 14
13.150933 2
0.199227 24
0.000908 12
0.000029 16
0.000025 2
0.063813 38
0.000930 13
0.000482 2
0.041108 40
0.000106 15
0.000082 2
0.000832 57
0.000691 2
2.346566 1
0.307714 1
0.314395 1
0.168204 1
0.704064 1
0.451890 1
0.461979 2
0.000402 29
26.905767 1
0.441969 1
0.341827 1
0.163988 1
0.626893 2
0.002642 8
0.000053 72
1.495116 19
0.874485 289
0.000045 72
125.701352 62
0.724131 128
0.038996 80
344.604926 102
14.525137 152
0.207808 1
0.499133 1
0.031215 1
0.030423 1
0.030030 1
0.031283 1
0.030395 1
0.029869 1
0.030260 1
0.031417 1
0.029442 1
0.030693 1
0.031142 1
0.030718 1
0.030214 1
0.031214 240
0.030616 1
0.030150 1
0.029964 1
0.030505 1
0.030114 1
0.031135 1
0.029638 1
0.029848 1
0.030921 1
0.031111 1
0.030404 1
0.029859 1
0.030171 1
0.030616 1
0.029898 1
0.030325 1
0.030724 1
0.031200 1
0.029597 1
0.031040 1
0.030538 1
0.031157 1
0.030317 1
0.029828 1
0.030016 1
0.030118 1
0.030260 1
0.029533 1
0.030319 1
0.030741 1
0.030695 1
0.030450 1
0.252372 1
0.208272 1
0.173790 1
1.117571 185
0.175351 183
0.180034 181
0.187853 179
0.173773 177
0.196582 175
6.792182 173
0.133358 178
0.240294 175
1.105850 174
0.287857 177
0.590588 176
0.519468 178
0.530922 180
0.687786 182
12.682924 3
0.499891 3
8.390523 1
1.035488 1
0.431947 1
0.682744 3
0.499760 3
0.031095 3
0.029739 3
0.029864 3
0.030069 3
0.030164 3
0.030075 3
0.030244 3
0.030184 3
0.030947 3
0.030925 3
0.030097 3
0.029453 3
0.030667 3
0.030618 3
0.029703 3
0.030496 3
0.029746 3
0.029913 3
0.030065 3
0.030988 3
0.030372 3
0.031150 3
0.029777 3
0.030267 3
0.030289 3
0.029508 3
0.030707 3
0.029833 3
0.030826 3
0.029884 3
0.029954 3
0.031094 3
0.030232 3
0.030849 3
0.030891 3
0.030984 3
0.031018 3
0.030527 3
0.031061 3
0.029983 3
0.030550 3
0.252313 3
0.499471 3
0.031080 3
0.030645 3
0.030547 3
0.032012 3
0.029522 3
0.029883 3
0.029752 3
0.030759 1
0.029532 1
0.259259 1
0.618783 3
0.736753 4
0.250749 4
0.499559 4
0.030279 4
0.029247 4
0.029775 4
0.030269 4
0.030313 4
0.030388 4
0.030573 4
0.031963 4
0.030197 4
0.029932 4
0.031295 243
0.000365 246
0.030167 4
0.030388 4
0.031011 4
0.256624 4
0.499359 4
0.031394 4
0.029839 4
0.030143 4
0.030196 4
0.029963 4
0.030040 4
0.030194 4
0.031046 4
0.030178 4
0.031146 4
0.031447 4
0.030227 4
0.030734 4
0.029486 4
0.030473 4
0.029865 4
0.030121 4
0.030557 4
0.031221 4
0.031112 4
0.030372 4
0.031465 4
0.030510 4
0.029963 4
0.031144 4
0.030514 4
0.035759 4
0.028177 4
0.176627 4
0.158660 4
0.160311 4
0.155681 4
0.401824 4
0.627612 1
0.219662 1
0.024837 9
0.169173 1
1.913051 3
0.776783 5
0.690387 1
0.247955 1
0.203747 1
0.194464 1
0.280611 17
0.288022 17
0.485884 15
0.300069 17
1.324434 11
0.018195 74
0.000058 2
0.000065 131
0.000056 2
0.000096 1
0.000056 24
112.403684 1
0.281920 1
0.381719 1
0.166126 1
0.824721 1
0.133105 1
1.019041 2
0.000218 1
0.001092 30
8.220796 2
0.000085 1
0.000231 34
0.369317 3
0.000336 36
0.973894 2
0.000070 1
0.000247 17
2.096705 1
0.356484 1
1.449805 1
0.140078 1
0.847860 1
0.362155 1
0.686371 1
0.683391 1
0.125736 1
7.149025 2
0.023043 8
0.000111 72
162.993562 37
0.828266 103
0.218315 80
10.535529 45
1.025896 111
0.155339 80
17.586481 29
0.999924 40
0.000032 2
0.000685 9
0.140536 80
9.205116 38
2.912239 93
0.000025 2
0.001403 9
0.128688 80
11.007690 37
1.006166 103
0.037489 80
6.210268 40
0.683987 95
0.000034 11
0.043285 71
0.003502 2
0.009260 8
0.000416 72
15.578523 31
0.103652 53
0.148013 47
0.132122 43
0.192004 46
0.151787 40
0.178155 53
0.463713 74
0.315963 77
0.450258 21
0.400375 45
0.461625 38
0.338041 26
0.428116 50
0.475746 86
0.400227 78
0.575923 30
0.548194 35
0.337878 28
1.698650 4
0.180042 4
0.153964 4
0.165923 4
0.170236 4
0.153812 4
0.166267 4
0.846556 1
0.575200 1
0.428088 1
0.240071 1
0.195823 1
0.738738 1
0.079760 1
1.714463 11
0.328473 71
0.019407 52
0.000145 2
0.003929 75
0.000060 2
0.056265 72
0.061587 78
0.000784 2
0.010320 64
0.000097 2
0.077059 25
7.087607 2
0.150220 55
4.496252 2
0.135550 54
0.011313 75
0.000099 2
0.001153 131
0.000087 2
0.000069 1
0.000059 24
17.573060 1
0.265809 1
0.518668 1
0.459171 1
0.208119 1
0.420059 1
0.252232 1
0.804463 3
0.000258 30
0.346996 3
0.000122 34
0.237879 2
0.000168 37
0.740445 2
0.000024 18
3.759029 1
0.520493 1
0.844474 1
0.094953 1
1.093098 1
0.381272 1
0.574033 1
0.678736 1
0.069867 1
0.774179 2
0.098797 60
1.072160 76
0.001090 2
0.009114 95
0.000254 2
0.128399 8
0.000251 72
3.028606 20
0.623316 62
6.197466 11
0.041415 8
0.000013 72
11.710702 40
0.866626 106
0.156899 80
698.335543 1
1.790394 4
25.023220 30
0.752362 53
0.042119 80
7.187761 30
0.820331 53
0.145282 176
0.018407 8
0.000127 72
314.014382 29
6.240870 51
0.062284 25
0.000504 2
0.000046 27
0.000045 2
0.000044 24
0.000043 2
0.000044 24
0.000080 2
0.000047 25
0.000038 2
0.000043 28
0.000044 26
0.000235 274
0.000113 92
0.000050 22
0.000044 28
0.001051 1228
0.006958 8
0.000245 72
164.628627 103
13.430080 163
0.118856 56
0.000378 2
0.009460 8
0.000066 72
50.536252 1
0.282579 1
0.398246 1
0.119702 1
1.280337 1
1.505945 1
0.161817 1
0.235852 1
0.216429 1
0.742754 1
1.935644 1
0.165220 1
2.636389 1
1.437916 1
0.097137 1
1.630635 1
0.332006 1
1.162792 1
0.179355 1
0.312203 1
2.745661 1
0.784954 1
0.667703 1
0.165607 1
0.243962 1
2.254770 1
0.914215 1
0.727320 1
0.137377 1
1.048525 1
1.319726 4
0.147778 4
1.218089 1
0.178282 1
0.626598 1
0.135288 1
0.272052 1
1.856510 1
0.245606 1
0.976652 1
1.237134 1
0.168136 1
1.240038 1
0.179850 1
0.464207 1
0.091762 1
1.500104 1
0.812364 1
0.411591 1
0.614155 1
0.195874 1
0.187912 1
0.105889 1
5.898961 11
0.135333 362
0.001220 3389
0.037507 8
0.007914 72
151.840202 27
0.924649 47
0.062916 80
54.330654 28
0.685897 49
0.160753 4
0.000740 125
0.002180 8
0.000174 72
4.031476 19
0.239821 41
0.746221 1
0.309531 1
0.181963 1
0.205998 1
0.171940 1
0.186005 1
0.154346 1
0.177534 1
0.148334 1
0.520941 5
0.159859 5
0.192031 5
0.265663 3
0.585392 1
0.373071 5
0.399921 5
0.964216 5
0.132100 3
0.238768 3
0.191717 3
1.263535 13
0.209621 13
0.289951 13
0.141850 13
1.222363 11
0.057986 70
0.000902 2
0.019968 8
0.000079 72
15.720123 18
0.515599 37
1.576076 1
0.206024 1
0.184089 1
0.166389 1
0.199925 1
0.191602 1
0.172233 1
0.198075 1
0.179755 1
0.182047 1
0.180929 1
0.163219 1
0.154073 1
1.567114 5
0.089304 5
16.225663 1
0.499441 1
0.030053 1
0.030020 1
0.030060 1
0.030969 1
0.030181 1
0.031531 1
0.029272 1
0.029679 1
0.029147 1
0.474588 5
0.375866 5
0.390427 5
0.163330 5
0.138284 5
0.822456 11
0.023155 4
0.000090 67
0.000221 56
0.000060 2
0.002964 8
0.000053 72
153.468560 36
0.991989 102
0.061238 80
415.453183 30
0.651115 53
0.125395 183
0.018190 8
0.000266 72
116.869739 1
0.065561 1
0.188288 1
1.004606 1
0.363386 1
1.026896 1
0.231288 1
0.383741 1
0.884646 1
0.723727 1
0.243753 1
0.618716 1
0.267194 1
0.532251 1
1.733958 1
0.960759 1
0.197081 1
0.266250 1
0.381741 1
0.906260 2
0.000950 9
0.003710 4095
0.000107 4095
0.000047 4095
0.000030 455
0.002420 80
318.438220 27
1.222189 47
0.186392 80
86.424650 18
0.327187 37
0.319413 40
0.329455 30
0.283963 45
0.214390 36
0.333197 37
0.284876 41
0.315192 41
0.370282 97
0.565671 241
1.395669 2
0.000018 9
0.015906 25
0.000045 2
0.000069 27
0.000054 2
0.000083 24
0.000060 2
0.000055 24
0.000054 2
0.000054 25
0.000054 2
0.000039 26
0.000074 2
0.000050 24
0.000092 2
0.000081 23
0.000060 2
0.000050 25
0.000055 2
0.000055 25
0.000054 2
0.000055 25
0.000084 2
0.000047 57
0.001224 1509
0.003435 8
0.000335 72
46.069748 26
0.799567 45
0.025580 25
5.034575 2
0.006032 55
4.170547 2
0.068464 52
0.000171 2
0.008476 8
0.000176 72
9.968449 36
1.059894 91
0.000040 2
0.000027 9
0.128271 100
0.004992 8
0.001295 72
63.792677 63
0.731836 129
0.149281 80
10.336036 29
0.923663 40
0.002076 11
0.136541 38
0.007090 8
0.000096 72
74.865029 20
0.555069 81
0.485691 106
6.891784 11
0.022765 30
0.000045 2
0.002272 8
0.000055 72
39.829153 27
0.179559 41
0.423140 81
1.125666 11
0.134250 80
0.506332 54
0.198733 106
1.154686 11
0.024966 30
0.000046 2
0.004012 8
0.000077 72
117.700116 30
0.742551 53
0.042568 80
13.402962 37
0.802147 92
0.000110 2
0.000201 9
0.153260 80
17.558385 38
7.078903 94
0.487995 3
1.324650 4
0.170115 4
0.150801 4
0.167133 4
0.136076 4
1.221653 1
0.166302 1
0.233936 1
0.252225 1
0.983249 11
0.029886 68
0.000220 2
0.003570 8
0.000231 72
20.611937 28
1.154984 67
0.870311 38
0.742129 104
0.044976 80
262.421852 47
1.126530 113
0.138619 80
143.383502 1
0.265542 1
0.573690 1
0.121897 1
0.108384 1
0.674863 1
0.143085 1
0.080347 1
0.221553 1
0.260201 1
0.674423 18
0.992058 18
0.000252 2
0.000061 9
0.391676 75
0.027307 57
0.000018 6
0.014438 8
0.000185 33
0.000080 13
0.000070 6
0.001112 3
0.000060 96
0.001368 1292
21.044538 6
0.000064 12
0.000951 4
0.013063 22
0.007204 6
0.000068 16
0.000510 6
0.000113 17
0.011698 23
0.009323 23
0.002354 6
0.001541 17
0.008230 23
0.006230 23
0.001924 14
0.000093 23
0.000070 18
0.000102 67
0.002481 11
0.015405 374
0.014680 49
0.000083 6
0.000170 28
0.000053 15
0.000381 73
0.000034 11
0.000041 6
0.002977 207
0.011424 6
0.000099 43
0.000252 142
0.000097 6
0.000114 12
0.000081 262
0.017300 6
0.000267 12
0.000090 16
0.001778 393
0.016462 70
0.000459 145
0.012180 233
0.017735 18
0.000248 16
0.001486 555
0.010971 6
0.000253 12
0.000064 16
0.000056 18
0.000049 39
0.000045 14
0.000135 41
0.013460 6
0.000177 12
0.000118 16
0.000080 18
0.000067 13
0.000047 8
0.000079 11
0.015225 6
0.005206 336
0.012151 6
0.000159 12
0.000123 16
0.000334 15
0.000068 71
0.001863 11
0.000162 6
0.000245 122
0.030822 6
0.000241 43
0.000427 6
0.000147 12
0.000123 16
0.000087 143
0.000041 11
0.014000 95
0.000156 6
0.000194 28
0.000053 15
0.000051 84
0.000041 11
0.000100 6
0.000087 43
0.000044 8
0.000040 11
0.014004 18
0.000077 72
0.014128 49
0.000474 231
0.010670 6
0.000244 12
0.000132 16
0.000061 18
0.000085 225
0.000090 115
0.000067 11
0.010367 6
0.000364 12
0.000121 16
0.000243 169
0.008758 18
0.000097 16
0.000051 18
0.000090 152
0.010772 49
0.000082 6
0.000185 12
0.000084 16
0.000101 183
0.008762 6
0.000227 12
0.000130 16
0.000060 18
0.000179 33
0.000074 49
0.000066 11
0.024418 6
0.000414 12
0.000427 16
0.000251 111
0.000049 107
0.000159 162
0.012920 6
0.000185 12
0.000324 34
0.000262 98
0.000048 11
0.016110 18
0.000117 16
0.000079 18
0.000072 67
0.000129 69
0.000010 11
0.015485 18
0.000103 16
0.000078 18
0.000142 139
0.000016 8
0.000057 11
0.015400 18
0.000020 16
0.000052 225
0.015871 18
0.000144 16
0.000152 478
0.030624 6
0.000852 12
0.000075 206
0.015546 6
0.000360 12
0.000105 16
0.000069 18
0.000110 101
0.000011 101
0.016738 18
0.027723 18
0.000205 18
0.028041 18
0.000213 18
0.015127 18
0.010317 6
0.000103 12
0.011540 18
0.007447 18
0.009363 6
0.000054 12
0.002070 6
0.000070 12
0.007799 6
0.000090 12
0.000817 24
0.000032 12
0.008746 18
0.000184 18
0.024289 18
0.016313 6
0.000418 12
0.000430 6
0.000199 12
0.011921 6
0.000066 12
0.016115 6
0.000505 12
0.015618 18
0.000151 18
0.000185 6
0.000131 12
0.000185 18
0.000635 18
0.014081 6
0.000056 12
0.000098 6
0.000044 12
0.000404 18
0.017099 18
0.000089 6
0.000055 12
0.000101 18
0.016721 18
0.000177 18
0.011980 18
0.014879 18
0.000520 18
0.000393 18
0.016642 6
0.000307 12
0.029016 18
0.000263 18
0.000244 18
0.003147 6
0.000131 12
0.010326 6
0.000069 12
0.000252 18
0.000148 18
0.008970 18
0.013814 6
0.000086 12
0.006746 6
0.000056 12
0.000231 18
0.000093 18
0.012176 18
0.001268 18
0.006164 6
0.000179 12
0.000282 18
0.000229 6
0.000113 12
0.000146 18
0.000444 18
0.009322 18
0.000275 18
0.020715 18
0.000119 6
0.000138 12
0.013471 6
0.000580 12
0.000055 6
0.000083 12
0.015779 18
0.015836 18
0.017737 18
0.015051 18
0.000601 36
0.015433 18
0.000365 18
0.011872 18
0.000143 6
0.000007 12
0.015861 6
0.000298 12
0.016017 18
0.000263 18
0.016233 6
0.000140 12
0.000065 6
0.000061 12
0.016039 18
0.000112 18
0.028642 18
0.032140 6
0.000419 12
0.032103 18
1.773397 34
0.004097 78
0.000177 12
97.379404 451
0.726912 6
0.000499 8
0.000706 5
0.000630 37
0.020406 7
0.000284 21
0.000253 8
0.000037 471
1.119036 6
0.000423 6
0.000322 8
0.000086 12
0.000302 32
0.000098 8
0.009664 8
0.000010 72
2.238152 19
0.766215 2
0.000374 9
0.027351 62
0.000141 7
0.000241 6
0.001040 29
0.000081 28
0.000066 6
0.000144 8
0.000355 33
0.000535 15
0.000063 9
0.000080 96
0.000106 6
0.000129 6
0.000086 215
0.000072 208
0.000564 5
0.000055 64
0.000349 79
0.000053 709
0.865807 6
0.000014 12
0.000211 4
0.021558 6
0.000017 16
0.000080 6
0.000075 16
0.013637 6
0.000008 12
0.000050 28
0.010288 6
0.000535 17
0.000029 23
0.009784 6
0.000281 17
0.000535 23
0.000065 18
0.000125 5
0.009335 23
0.000367 23
0.009195 23
0.000164 11
0.000056 3
0.000074 12
0.000058 11
0.000189 96
0.010504 162
0.000109 6
0.000067 12
0.000068 16
0.000085 15
0.009053 18
0.000086 16
0.001265 18
0.000105 105
0.000053 72
0.000065 19
0.000065 11
0.025596 6
0.001446 12
0.000175 276
0.012624 6
0.000245 12
0.000087 31
0.000415 6
0.000262 12
0.000056 16
0.000658 126
0.000300 16
0.000073 18
0.000128 226
0.000056 91
0.000063 3
0.000071 17
0.000063 12
0.000048 16
0.000080 15
0.014767 6
0.000635 12
0.000229 16
0.000104 18
0.000058 101
0.000068 68
0.000129 107
0.000068 11
0.014585 6
0.000949 12
0.000074 16
0.002373 285
0.000048 11
0.025407 18
0.000470 16
0.000078 18
0.000098 136
0.000125 174
0.000044 10
0.000087 66
0.000041 5
0.000069 74
0.000075 72
0.014618 146
0.016469 6
0.000450 12
0.000041 16
0.000105 18
0.000089 21
0.000062 11
0.032240 6
0.000105 12
0.000097 16
0.000070 18
0.000110 135
0.000135 127
0.000089 17
0.000007 11
0.011791 18
0.000105 16
0.000072 18
0.000113 76
0.000067 20
0.000051 63
0.034647 6
0.000032 12
0.000185 170
0.010410 18
0.000162 16
0.000071 15
0.000072 35
0.000351 179
0.009346 34
0.000053 40
0.000030 12
0.000123 16
0.000076 18
0.000055 13
0.000064 16
0.012651 18
0.000091 16
0.000089 18
0.000053 66
0.000070 102
0.000126 11
0.008584 6
0.002435 397
0.004977 112
0.000100 6
0.000045 12
0.000052 16
0.000056 15
0.000124 6
0.000150 125
0.000485 18
0.000060 94
0.000087 6
0.000285 28
0.000054 15
0.001173 131
0.007030 18
0.000077 16
0.000274 15
0.000147 6
0.000056 12
0.000076 16
0.000094 18
0.000097 44
0.000816 115
0.000016 6
0.011803 18
0.000183 16
0.000052 15
0.000069 6
0.000172 12
0.000086 16
0.000506 18
0.000914 93
0.017944 96
0.000091 6
0.000295 28
0.000066 62
0.000668 34
0.000110 15
0.015034 352
0.000171 6
0.000140 12
0.000063 16
0.001953 98
0.009452 122
0.000128 6
0.000148 123
0.000085 6
0.000048 12
0.000050 16
0.000303 15
0.016330 18
0.000277 235
0.015252 6
0.000363 12
0.000091 16
0.000365 485
0.017425 6
0.000202 12
0.000142 16
0.000070 69
0.000068 112
0.000080 34
0.011916 18
0.000074 34
0.000051 13
0.000090 3
0.000108 17
0.000057 139
0.015430 6
0.000505 12
0.000128 16
0.000059 18
0.000076 101
0.000087 168
0.000056 11
0.015656 6
0.000096 12
0.015760 18
0.012549 18
0.000145 18
0.000406 18
0.015817 6
0.000470 12
0.000169 18
0.000174 18
0.020635 18
0.000114 18
0.000067 18
0.009435 18
0.000555 6
0.000063 12
0.009130 6
0.000312 12
0.009401 18
0.000315 18
0.010528 18
0.000093 6
0.000085 12
0.008867 18
0.000738 18
0.009824 6
0.000428 12
0.009895 18
0.021339 18
0.012389 18
0.015427 6
0.000459 12
0.000797 18
0.000094 6
0.000071 12
0.015540 6
0.000280 12
0.000438 18
0.000311 6
0.000440 12
0.014923 18
0.016760 24
0.000110 12
0.011336 18
0.000801 6
0.000233 12
0.015629 18
0.016331 18
0.015533 18
0.000143 18
0.016175 6
0.000338 12
0.000829 18
0.013756 18
0.016147 18
0.009422 18
0.000743 18
0.009776 18
0.000349 18
0.000113 6
0.000011 12
0.009888 18
0.000902 18
0.000084 18
0.009008 18
0.000338 18
0.000597 18
0.009098 18
0.000109 6
0.000290 12
0.009693 6
0.000041 12
0.009603 18
0.009800 18
0.000640 18
0.013142 18
0.000083 18
0.013927 6
0.000037 12
0.000552 6
0.000117 12
0.017175 6
0.000080 12
0.001037 18
0.000158 18
0.015818 18
0.000321 18
0.015143 18
0.000216 6
0.000226 12
0.000464 18
0.011724 18
0.015826 18
0.016944 18
0.015343 18
0.000232 18
0.016785 6
0.000313 12
0.012827 18
0.000329 6
0.000042 12
0.013237 18
0.013667 18
0.000130 18
0.009494 18
0.000268 6
0.000213 12
0.009991 18
0.010584 18
0.000338 18
0.008359 6
0.000063 12
0.000279 6
0.000389 12
0.000221 18
0.009399 18
0.000640 6
0.000065 12
0.009520 18
0.000264 18
0.009739 18
0.012372 6
0.000348 12
0.015897 6
0.000128 12
0.000226 6
0.000587 12
0.014921 6
0.000222 12
0.001003 6
0.000015 12
0.000084 18
0.015104 18
0.000664 18
0.016591 18
0.000096 18
0.011734 18
0.000225 6
0.000204 12
0.015902 18
0.000118 18
0.016673 18
0.000149 6
0.000424 12
0.015803 18
0.010842 18
0.000178 6
0.000068 12
0.008725 6
0.000529 12
0.011121 18
0.000083 18
0.010001 18
0.000208 6
0.000032 12
0.010090 18
0.009831 18
0.000096 18
0.000259 18
0.016699 6
0.000011 12
0.000144 18
0.000133 18
0.011971 18
0.000226 18
0.015958 6
0.000177 12
0.000103 18
0.000252 18
0.016044 6
0.000048 12
0.015770 6
0.000589 12
0.000256 18
0.015800 6
0.000510 12
0.000421 18
0.013192 18
0.014824 6
0.000326 12
0.015426 6
0.000553 12
0.000290 6
0.000077 12
0.014444 18
0.017806 18
0.016441 18
0.000189 18
0.011881 18
0.000954 18
0.015199 18
0.000607 18
0.016263 6
0.000043 12
0.016497 18
0.015996 18
0.000242 18
0.016084 18
0.012152 18
0.016310 18
0.000463 6
0.000076 12
0.016302 18
0.032656 6
0.000013 12
0.000033 18
0.011280 18
0.000620 18
0.048909 18
0.000249 18
0.046519 18
32.022914 11
0.001000 60
0.007310 80
1539.431170 25
1.418021 35
0.499020 4
0.030541 4
0.030154 4
0.031537 4
0.029675 4
0.030672 4
0.029757 4
0.030386 4
0.031015 4
0.029581 4
0.029999 4
0.029597 4
0.031126 4
0.029976 4
0.032122 4
0.030942 1
0.031103 1
0.029984 1
0.030532 1
0.030783 1
0.030328 1
0.125166 1
0.181435 1
0.422142 1
0.297887 1
0.145957 1
0.134191 1
0.707035 1
0.134932 1
0.087903 1
0.230132 1
0.258195 1
0.742284 25
0.735198 43
0.016547 37
6.804089 2
0.020607 8
0.000090 54
0.000151 7
0.000074 6
0.000936 449
0.000076 208
0.000313 5
0.000097 11
0.000066 64
0.000066 6
0.000075 68
0.000060 58
0.000086 79
0.000055 76
0.000073 68
0.000123 136
0.000028 59
0.000097 126
0.000086 20
0.000028 109
0.000070 81
0.000105 12
1.382270 6
0.000684 16
0.013814 22
0.011513 23
0.000150 23
0.009082 23
0.000461 23
0.000210 23
0.010040 23
0.000057 6
0.000052 12
0.000045 5
0.009327 23
0.000145 18
0.000028 5
0.028641 23
0.000272 6
0.001149 31
0.000019 105
0.000198 16
0.000090 18
0.000081 85
0.000143 43
0.000096 113
0.014012 6
0.000045 150
0.012239 6
0.000230 12
0.000132 233
0.017472 6
0.000160 46
0.000056 63
0.000047 68
0.000286 6
0.000120 12
0.000104 34
0.000089 212
0.014428 6
0.001553 28
0.000974 262
0.013047 73
0.000170 151
0.000210 140
0.014289 6
0.000033 12
0.002332 148
0.014700 113
0.000169 100
0.000206 68
0.012181 110
0.000099 6
0.000058 12
0.000284 198
0.016785 18
0.000075 115
0.000075 6
0.000157 12
0.000109 16
0.000108 18
0.000092 77
0.016492 6
0.000253 12
0.000069 16
0.000109 18
0.000053 79
0.016535 6
0.000014 248
0.033754 6
0.000177 12
0.000173 16
0.000158 15
0.000093 60
0.000139 11
0.000111 6
0.000167 76
0.000106 6
0.000056 12
0.000091 31
0.000098 6
0.000132 12
0.000064 16
0.000061 15
0.001276 173
0.000109 6
0.000078 12
0.000063 16
0.000060 15
0.000056 67
0.000046 11
0.007151 93
0.000175 6
0.000077 12
0.000193 83
0.000391 49
0.009244 18
0.000076 16
0.001124 15
0.000014 96
0.000058 16
0.000056 18
0.000059 78
0.007420 6
0.000206 12
0.000438 16
0.000210 68
0.000327 72
0.010655 18
0.001333 16
0.000043 18
0.000138 59
0.000044 52
0.008470 6
0.000069 28
0.000263 18
0.000224 61
0.000835 108
0.006166 49
0.000094 6
0.000127 12
0.000200 16
0.000123 15
0.001476 98
0.000080 34
0.000445 269
0.016264 18
0.000096 16
0.000145 18
0.000077 66
0.000067 48
0.000046 34
0.000069 11
0.010511 148
0.017478 18
0.000078 16
0.000105 213
0.013666 49
0.015109 18
0.000203 18
0.015551 6
0.000119 12
0.016857 6
0.000147 12
0.013933 18
0.016373 6
0.000035 12
0.000102 18
0.015706 18
0.000365 18
0.016538 18
0.015944 6
0.000096 12
0.011896 6
0.000190 12
0.016537 18
0.021710 6
0.000239 12
0.009765 18
0.000170 18
0.010177 18
0.000064 18
0.009979 18
0.000744 18
0.009240 18
0.009056 18
0.000238 18
0.000481 6
0.000076 12
0.010352 18
0.000050 18
0.026161 18
0.017010 6
0.000234 12
0.016984 6
0.000017 12
0.000127 18
0.012583 6
0.000071 12
0.000586 18
0.000102 18
0.017114 18
0.015833 6
0.000495 12
0.000309 18
0.016520 6
0.000052 12
0.000084 18
0.011714 18
0.000087 6
0.000398 12
0.015775 18
0.000139 18
0.016916 18
0.000114 18
0.015834 18
0.015785 18
0.000315 6
0.000137 12
0.000070 18
0.011760 18
0.016688 18
0.010484 6
0.000099 12
0.010478 18
0.000146 6
0.000121 12
0.010312 18
0.000128 18
0.011005 18
0.000044 18
0.009598 6
0.000035 12
0.010198 6
0.000232 12
0.000071 6
0.000013 12
0.009753 6
0.000052 12
0.000139 6
0.000131 12
0.037866 18
0.015646 18
0.000132 18
0.016165 6
0.000050 12
0.000209 6
0.000247 12
0.012085 18
0.000057 18
0.016072 6
0.000087 12
0.016242 18
0.016048 18
0.000302 18
0.000123 6
0.000080 12
0.016421 18
0.028952 6
0.000108 12
0.015307 6
0.000240 12
0.000129 18
0.000232 18
0.032550 18
0.045422 18
12.043963 13
0.000458 21
0.001209 6
0.000052 47
0.000186 12
4.829871 6
0.000821 445
0.683139 6
0.000662 5
0.000134 5
0.000295 37
0.119991 507
17.264568 72
0.006556 80
136.658903 1
0.155441 1
0.322144 1
0.191986 1
0.165836 1
0.624672 1
0.139523 1
0.187995 1
0.294022 1
0.358020 1
0.766552 25
2.463357 35
1.106836 11
0.023268 8
0.000172 54
0.000114 7
0.000059 6
0.000315 29
0.000157 28
0.000060 6
0.100701 8
0.000385 45
0.000633 6
0.000228 3
0.000270 96
0.000182 6
0.000252 6
0.000426 215
0.000161 208
0.001328 5
0.000097 58
0.000132 36
0.000058 36
0.000095 117
0.000136 146
0.000025 43
0.000105 36
0.000301 40
0.000032 158
0.000770 138
0.000071 19
0.000042 6
0.000083 12
5.129414 6
0.000745 16
0.013409 22
0.000303 22
0.000452 22
0.009750 23
0.000178 23
0.010416 23
0.000452 23
0.009937 23
0.010339 6
0.000780 17
0.014413 6
0.000251 5
0.000148 3
0.000013 140
0.011184 6
0.000097 12
0.000059 16
0.000054 18
0.000255 105
0.019936 18
0.000119 16
0.000480 21
0.000154 12
0.000126 16
0.001978 107
0.013440 49
0.000635 195
0.014680 18
0.000132 16
0.000202 8
0.000291 7
0.000198 87
0.000086 16
0.000073 18
0.000071 65
0.000052 45
0.017343 18
0.000219 16
0.000074 18
0.000088 74
0.000067 73
0.000049 63
0.000104 49
0.012210 6
0.000042 152
0.016012 6
0.000228 12
0.000132 34
0.000412 131
0.000010 56
0.031176 6
0.000372 12
0.000278 210
0.015134 141
0.000258 122
0.000221 148
0.016502 18
0.000142 31
0.000214 6
0.000283 28
0.000055 18
0.000224 45
0.000230 36
0.043677 34
0.000322 15
0.030577 18
0.000203 18
0.000701 18
0.009021 6
0.000228 12
0.000473 18
0.008940 18
0.000482 18
0.009538 18
0.010624 18
0.000429 18
0.010116 6
0.000540 12
0.010802 6
0.000095 12
0.007578 18
0.011177 18
0.000685 18
0.000102 18
0.034079 18
0.000250 18
0.000474 18
0.040054 18
0.000387 18
0.000794 18
0.061663 18
0.000074 6
0.000677 12
0.145185 18
0.000195 18
0.009633 18
0.000015 6
0.000034 12
0.010115 18
0.000477 6
0.000189 12
0.010006 18
0.000072 18
0.010767 18
0.000093 6
0.000057 12
0.014397 18
0.000280 6
0.000105 12
0.020695 6
0.000048 12
0.089199 6
0.000657 12
17.960678 13
0.000294 15
0.000041 6
0.000580 65
22.924778 6
0.000879 24
0.000055 11
1.423156 18
0.000212 1
0.000124 2
0.715747 451
0.798288 6
0.101767 4
0.000071 5
0.002870 37
0.020730 7
0.000117 15
0.000074 6
0.000095 8
0.000101 31
0.000078 18
0.000140 8
0.000056 170
0.000108 14
0.000013 207
0.000221 20
0.995501 6
0.000413 6
0.000253 8
0.000137 12
0.001070 40
0.008748 8
0.000179 72
405.056621 25
0.324778 9
71.111417 11
0.025550 8
0.000114 54
0.000077 7
0.000060 6
0.000381 29
0.000070 28
0.000059 6
0.000723 596
0.000252 5
0.000091 11
0.000011 64
0.000153 6
0.000284 205
0.000041 219
0.000136 61
0.000046 59
0.000095 65
0.000034 61
0.000022 20
0.000091 31
0.000010 148
0.000075 23
2.119749 6
0.000076 12
0.000348 4
0.008931 44
0.011791 18
0.000503 4
0.001003 6
0.000098 17
0.008555 6
0.000079 17
0.000183 6
0.000572 17
0.000317 6
0.000056 12
0.000340 5
0.008792 18
0.000696 5
0.008124 6
0.000897 17
0.000119 6
0.000345 5
0.000130 3
0.000063 12
0.000096 29
0.000108 66
0.000065 86
0.011777 213
0.010492 6
0.000125 12
0.000147 16
0.000078 18
0.000060 48
0.000056 56
0.017685 18
0.000013 16
0.000139 18
0.000011 199
0.057959 6
0.000954 225
0.063103 18
0.000317 16
0.000084 18
0.000082 164
0.148052 6
0.000705 12
0.000538 490
0.006692 6
0.000113 12
0.000107 85
0.000218 49
0.000194 120
0.010632 18
0.000168 16
0.000072 8
0.000317 105
0.000512 18
0.000077 45
0.000080 3
0.000058 11
0.006667 6
0.000463 28
0.000097 8
0.000181 7
0.000138 50
0.000010 29
0.000071 16
0.000070 18
0.000097 12
0.000010 100
0.000104 11
0.012761 213
0.000530 6
0.000676 43
0.008131 18
0.000079 76
0.000038 32
0.000050 6
0.000080 43
0.008826 6
0.000093 12
0.000198 16
0.000095 18
0.000156 134
0.000395 68
0.007622 6
0.000124 12
0.000395 16
0.000157 18
0.000113 65
0.000062 20
0.000139 29
0.008588 18
0.000084 100
0.000041 11
0.000049 6
0.000110 12
0.000083 145
0.010038 18
0.000056 34
0.000048 38
0.000046 41
0.000036 11
0.009657 197
0.014220 6
0.000339 168
0.020070 6
0.000374 108
0.000403 85
0.000090 6
0.000045 12
0.000051 16
0.000057 15
0.027535 6
0.000240 12
0.000191 16
0.000070 15
0.000480 56
0.000013 29
0.000060 16
0.000496 131
0.031947 49
0.000172 129
0.000330 49
0.000043 65
0.000032 11
0.044330 67
0.002541 186
0.045138 121
0.000210 108
0.000102 6
0.000171 93
0.115248 148
0.002736 6
0.000198 153
0.006874 6
0.000188 67
0.000121 6
0.000095 67
0.000229 74
0.008977 18
0.000067 16
0.000156 15
0.000326 47
0.000461 1
0.000105 6
0.000019 43
0.000119 6
0.000113 12
0.010559 18
0.000117 18
0.007849 6
0.000281 12
0.000232 18
0.009788 18
0.010019 6
0.000012 12
0.000127 6
0.000117 12
0.011027 6
0.000067 12
0.008678 18
0.000035 18
0.011872 18
0.000110 18
0.020484 18
0.000598 18
0.036859 6
0.000433 12
0.000157 6
0.000063 12
0.015559 18
0.000809 6
0.000045 12
0.016072 18
0.029039 18
0.000177 6
0.000063 12
0.032892 18
0.028140 6
0.000330 12
0.078163 6
0.000916 12
16.224936 6
0.000915 5
0.000260 8
0.000860 52
0.008768 8
0.000396 72
10.958948 1
0.427905 1
0.409699 1
0.524163 1
1.340349 1
0.651706 1
5.317728 1
0.416471 1
0.247798 1
0.722584 1
0.147310 1
0.456070 1
3.654170 1
4.025975 1
1.190482 4
4.473311 1
0.806887 4
0.415407 1
0.964416 4
0.527605 1
1.044403 4
1.942148 1
0.985998 4
1.877559 1
3.452243 1
19.097835 2
0.282331 2
0.189845 2
0.112155 2
0.479862 2
0.573810 2
0.117873 2
0.950058 4
0.191963 4
0.185918 4
0.181876 4
0.180000 4
0.184213 4
0.159925 4
0.145933 4
1.624403 1
0.427498 1
0.436224 1
0.215911 1
0.368286 1
0.279460 1
0.278194 1
0.161930 1
20.048304 1
1.399850 1
2.220461 1
0.321605 1
0.520036 4
0.335916 1
1.116815 1
0.547129 1
0.452213 1
0.206067 1
0.119587 1
4.118348 1
0.610766 1
0.199206 1
0.189807 1
1.593917 1
0.546211 1
0.896517 1
0.321520 1
0.338196 1
0.818449 1
0.761488 1
0.479738 1
0.300111 1
0.462256 1
4.831883 1
3.161846 1
0.458150 1
0.339775 1
0.612504 1
0.089036 1
1.011163 1
0.111130 1
1.358608 1
2.118392 4
2.123032 1
0.911321 4
1.540802 1
0.588263 1
0.178119 1
0.501741 1
0.206223 1
1.313982 3
1.054315 243
0.000399 246
2.495667 3
3.857509 1
0.332466 2
0.223995 2
0.269955 2
0.129747 2
0.380123 2
0.276116 2
0.097903 2
0.821823 4
0.178006 4
0.184069 4
0.165910 4
0.192032 4
0.181788 4
0.186137 4
1.932704 1
0.345177 1
0.175810 1
0.162402 1
0.312023 1
0.632024 1
0.091399 1
1.380948 1
2.524537 1
0.500332 1
0.029748 1
0.030298 1
0.031171 1
0.031054 1
0.030553 1
0.029785 1
0.030945 1
0.030446 240
0.029856 1
0.030597 1
0.030966 1
0.030349 1
0.030807 1
0.030804 1
0.030557 1
0.029683 1
0.030437 1
0.030399 1
0.030934 1
0.031192 1
0.031222 1
0.029700 1
0.031379 1
0.033564 1
0.029960 1
0.030666 1
0.029964 1
0.030941 1
0.029759 1
0.030679 1
0.029915 1
0.029760 1
0.031446 1
0.030195 1
0.029771 1
0.031233 1
0.030860 1
0.029133 1
0.030161 1
0.030453 1
0.030630 1
0.029503 1
0.029897 1
0.031060 1
0.031489 1
0.029678 1
0.032329 1
0.030480 1
0.030778 1
0.030548 1
0.030896 1
0.030558 1
0.031232 1
0.209760 1
0.335481 3
1.007708 174
1.983239 1
0.149932 175
4.398215 3
0.376383 174
0.880543 176
0.431072 178
2.021709 14
0.141370 23
0.002231 2
0.003883 8
0.000073 72
168.891668 1
0.966176 1
0.377570 1
0.180030 1
0.342024 1
1.305904 1
0.115805 1
0.190250 1
1.078751 1
0.137250 1
0.646100 1
1.050308 1
0.479372 1
0.145909 1
1.040809 1
1.417527 1
0.211923 1
0.322016 1
1.892625 1
2.111676 1
0.521712 1
0.994561 1
0.265286 1
0.378159 1
0.165926 1
0.338070 1
0.362019 1
1.701950 1
1.279946 1
0.140223 1
0.380201 1
0.165667 1
1.422105 1
0.707818 1
0.212068 1
0.280143 1
2.029511 2
0.000379 9
0.044778 8
0.001577 96
0.000751 28
0.000086 6
0.000703 8
0.000093 32
0.000508 22
0.000352 102
0.000099 6
0.000123 215
0.000075 208
0.000511 5
0.000285 11
0.000066 83
0.000162 1004
8.669191 6
0.000761 12
1.303814 22
0.035752 22
0.000104 22
0.034870 6
0.000857 16
0.000232 23
0.098363 23
0.000804 23
0.524115 23
0.021519 31
0.020938 166
0.015279 6
0.000094 43
0.000043 6
0.000113 12
0.000053 16
0.000191 203
0.027392 6
0.000286 12
0.000144 34
0.000085 140
0.000085 78
0.000076 88
0.000006 11
0.034396 18
0.000075 16
0.000409 290
0.318203 18
0.000447 289
1.601960 18
0.000042 16
0.000401 173
0.055866 6
0.000052 12
0.000890 18
0.481452 6
0.002305 12
0.039978 18
0.000470 18
0.000201 6
0.000094 12
0.070524 18
0.000126 18
0.000506 18
23.394584 18
0.014187 18
0.642880 18
0.499606 18
0.029810 18
0.030541 6
0.000108 12
0.029444 18
0.029248 18
0.029892 6
0.000041 12
0.030376 18
0.030404 18
0.030026 18
0.030796 18
0.029621 6
0.000008 12
0.031008 18
0.029952 18
0.030061 18
0.030376 18
0.031393 6
0.000124 12
0.028791 18
0.030145 18
0.030761 18
0.030124 6
0.000164 12
0.028999 18
0.127812 21
0.264094 18
0.000242 3
0.499278 6
0.000893 12
0.000159 3
0.029838 6
0.000098 15
0.030667 21
0.030645 18
0.000222 3
0.029478 21
0.030274 18
0.000066 3
0.031901 21
0.028714 6
0.000080 15
0.030446 21
0.030627 18
0.000235 3
0.029826 21
0.029873 21
0.270849 18
0.000009 4
0.194148 22
0.235483 6
0.000648 12
0.000065 5
0.265751 19
0.500480 19
0.030576 19
0.030615 19
0.029865 6
0.000305 13
0.029588 19
0.031278 6
0.000389 13
1.528598 6
0.000278 13
0.501026 26
0.029623 6
0.000097 13
0.031832 6
0.000304 12
0.000041 1
0.028243 19
0.029930 19
0.031216 19
0.029824 18
0.000162 1
0.033418 6
0.000119 13
0.028373 18
0.000081 1
0.029911 18
0.000138 1
0.029390 19
0.030608 19
0.030618 19
0.031337 6
0.000838 13
0.029385 19
0.030115 19
0.031353 19
0.029982 6
0.000080 13
0.030647 19
0.030140 6
0.000207 13
0.029232 18
0.000038 1
0.031611 18
0.000064 1
0.030926 19
0.030546 6
0.000041 13
0.031317 19
0.029531 6
0.000031 12
0.000099 1
0.033499 19
0.028353 23
0.030257 6
0.000263 12
0.000034 1
0.029519 18
0.000051 1
0.033592 6
0.000035 12
0.001089 1
0.026611 18
0.000194 1
0.030013 18
0.000082 1
0.029810 6
0.000060 12
0.000121 1
0.029952 6
0.000135 13
0.032950 6
0.000116 12
0.000065 1
0.175038 19
0.223203 19
0.184332 6
0.000079 12
0.000151 1
0.500125 19
0.030185