0.025546 28
0.000134 72
12.416907 1
0.307688 1
0.458538 1
0.401620 1
0.168164 1
2.113894 1
1.697758 1
0.784204 1
0.399971 1
0.101608 1
1.135135 1
0.861722 1
0.103020 1
0.242754 1
1.227848 1
0.344067 1
0.520045 1
0.241649 1
0.296138 1
0.736694 1
0.063833 1
1.749436 1
0.540020 1
0.443863 1
0.282386 1
0.425856 1
0.103729 1
1.248497 1
0.357749 1
0.291905 1
0.414009 1
1.853839 1
1.246407 1
0.831779 1
0.772908 4
0.914901 1
0.854300 1
0.749114 1
0.609218 4
0.114955 1
1.088687 1
0.297806 1
0.568179 1
0.221642 1
0.344359 1
0.425807 1
0.894963 4
0.138834 1
0.410294 1
3.018344 2
0.000692 9
0.000899 8
0.000138 72
2.842021 1
0.105952 1
0.808665 1
0.173105 1
0.830229 1
0.111716 1
0.348779 7
1.116279 2
0.000042 9
0.004894 25
0.000223 2
0.000759 8
0.000282 72
18.687404 1
1.099681 1
0.946068 1
0.749964 1
0.672564 4
0.417610 1
0.338032 1
1.096450 1
1.595077 1
0.658965 1
0.070453 1
0.943552 4
0.163114 4
1.016222 1
0.099584 1
0.686489 1
1.633994 1
0.441939 1
0.129891 1
0.384126 1
0.750585 1
0.920684 1
0.206620 1
0.169648 1
3.053010 11
0.100964 8
0.000267 72
2.733148 18
0.405979 1
0.499876 1
0.029498 1
0.030090 1
0.031049 1
0.030305 1
0.031056 1
0.030330 1
0.030801 1
0.030275 1
0.030428 1
0.029204 1
0.030621 1
0.195878 1
0.642281 33
0.171592 31
0.169109 33
0.140599 33
0.156059 1
0.710730 29
0.295259 29
0.462116 29
2.750078 11
0.001873 585
0.000498 8
0.000066 72
23.069825 1
1.587723 1
0.385729 1
0.538611 1
0.062290 1
1.684704 1
0.909401 1
0.073089 1
0.609891 1
0.935229 1
0.220248 1
0.124538 1
1.195610 4
0.093158 1
0.097355 1
1.403946 1
0.726207 1
1.038079 1
0.776727 1
0.653689 1
0.566220 1
0.565067 1
0.063507 1
0.688648 4
0.105346 1
1.534538 1
0.770628 1
0.782101 1
1.046176 1
0.146873 1
1.330190 4
0.522095 1
0.792641 1
0.167015 1
0.155888 1
4.647112 11
0.139882 8
0.000189 72
1.924863 1
0.102564 1
0.291890 1
0.131723 1
2.048493 1
0.844496 1
0.529114 1
0.218563 11
3.207470 2
0.000041 9
0.002197 43
0.000474 8
0.000311 72
15.431690 1
0.109603 1
0.177691 1
0.164231 1
1.952732 1
0.272864 1
0.092545 12
1.913919 1
0.651869 1
0.945898 1
0.654693 1
0.349345 1
0.408316 1
0.112067 10
0.983685 4
0.181908 4
0.190032 4
0.180036 4
0.342136 4
1.505483 11
0.004982 80
0.991295 29
0.389018 1
0.464085 1
0.500140 1
0.030319 1
0.030205 1
0.030141 1
0.030325 1
0.170933 1
0.186559 1
0.719042 23
0.499643 23
0.029042 23
0.030437 23
0.030115 23
0.029665 23
0.030063 23
0.032196 23
0.028712 23
0.030159 23
0.032878 23
0.027768 23
0.030281 23
0.167671 23
0.206635 23
0.278159 21
10.188596 11
0.003168 41
0.000104 2
0.001364 8
0.000249 72
21.924779 1
0.491652 1
0.776817 1
1.237247 1
0.762271 1
1.442085 1
0.161414 1
0.167925 1
0.788624 1
0.219695 1
0.109344 1
1.819139 1
0.639951 1
0.165444 1
0.145705 1
5.885245 11
0.351715 80
1.129646 1
0.151734 1
1.014534 1
0.339464 1
0.624857 1
0.147336 9
2.098020 2
0.000095 9
0.003465 53
0.000083 2
0.000046 43
0.000225 2
0.000193 38
0.000057 2
0.000426 38
0.000058 2
0.003360 8
0.000130 72
25.836146 1
0.367672 1
0.405782 1
0.822367 1
1.635793 1
1.734559 1
2.094181 1
0.250979 1
0.077737 1
2.804658 1
0.493981 1
0.135483 1
0.208226 1
2.792193 1
0.525903 1
0.498040 1
0.279926 1
0.183833 1
2.126405 1
2.386773 1
0.609148 1
0.960819 4
0.341299 1
0.734767 1
0.421067 1
0.227898 1
1.320394 1
0.527032 1
0.827467 4
0.247438 1
2.174305 1
0.115293 1
1.130283 1
0.121705 1
1.698382 1
0.461919 1
1.042469 1
0.451657 1
0.952621 1
0.181583 1
1.757684 1
0.665044 1
0.229592 1
0.200139 1
0.212033 1
0.207920 1
0.860706 11
3.357062 2
0.002130 9
0.325832 12
0.000368 2
0.002446 8
0.000061 72
20.357026 1
0.273610 1
0.274033 1
0.400250 1
0.127571 1
1.406095 1
1.232227 1
0.682512 1
0.986366 1
0.807287 1
0.115699 1
0.838963 1
0.845628 1
0.076925 1
0.364621 1
1.902447 1
0.233212 1
1.380427 1
0.423770 1
0.255927 1
2.031914 1
0.742364 1
0.857775 1
0.365840 1
0.693045 1
0.170743 1
1.145378 1
0.845970 1
0.106770 1
2.486530 1
1.225584 1
1.548340 1
0.235895 1
0.349880 1
1.056830 1
3.020149 11
0.003667 9
0.000251 2
0.000442 8
0.000171 72
18.783864 35
2.963808 1
0.813882 3
0.837805 7
0.219001 3
1.033389 3
5.766603 1
0.169063 1
0.151961 1
0.148062 1
0.158132 1
0.183708 1
0.158252 1
0.159923 1
0.799856 5
2.498869 2
0.002460 9
0.006165 5
0.000073 2
0.000397 8
0.000071 72
19.361479 1
0.149681 1
0.690565 1
0.351958 1
0.065546 1
1.112769 1
0.617986 1
1.191868 1
0.109669 1
1.151885 1
0.584088 1
0.435893 1
0.088896 1
3.227640 1
5.181053 2
0.000838 9
0.005165 8
0.000076 72
1.220919 1
0.277552 1
0.327870 1
0.264073 1
0.661388 1
0.252489 1
0.782397 1
0.331556 1
0.337169 7
3.860725 1
2.528165 1
0.321840 1
1.252119 4
1.237970 1
0.249895 1
1.720427 1
0.441610 1
0.384130 1
0.265906 1
0.352055 1
1.123715 1
0.582184 1
0.463188 1
1.069618 1
0.349129 1
0.652142 1
1.309880 1
4.870050 1
0.151718 1
1.794367 1
0.087845 1
2.400017 1
2.706659 1
1.064050 1
0.215277 1
0.123859 1
1.776390 11
0.005879 8
0.000300 72
1.635159 1
0.090002 1
1.822962 2
0.000487 9
0.003576 91
0.000052 2
0.000058 85
0.000045 2
0.000152 100
0.000066 2
0.000100 102
0.001267 930
0.000770 8
0.000299 72
29.846638 1
0.072081 1
0.830943 1
0.947764 1
1.149922 1
0.379364 1
0.440229 1
0.139565 1
2.658334 1
1.741869 1
0.254165 1
0.374120 1
0.308371 1
1.713465 4
0.197645 4
0.190170 4
0.180046 4
1.164902 1
0.549149 1
0.303999 1
0.354044 1
0.231956 1
0.282025 1
0.165817 1
0.208505 1
2.069782 1
6.421049 1
5.004846 1
0.922745 1
0.109013 1
0.147894 1
1.680460 1
0.872749 1
0.807970 1
0.570001 7
2.085802 2
0.000974 9
0.116028 8
0.000359 72
2.600367 1
0.077104 1
0.280714 1
0.333809 1
0.822867 1
0.461919 7
0.973087 2
0.000041 9
0.006009 63
0.000616 2
0.000176 52
0.000021 2
0.000045 53
0.000585 2
0.001620 8
0.000075 72
16.699577 1
0.127454 1
0.275934 1
0.954950 1
0.707871 1
0.144174 7
4.395489 19
0.000091 90
4.219712 1
0.045829 1
2.685810 1
1.400706 1
1.548088 1
0.821484 4
2.062477 1
1.016330 1
0.189068 1
0.250091 1
1.414211 1
0.659740 1
0.672681 1
0.825949 1
0.084978 1
1.286555 1
0.532073 1
0.983850 1
0.153666 1
1.390268 1
0.916470 1
2.627433 1
0.510124 1
1.646144 1
0.811988 1
1.460023 1
1.188629 1
0.139626 1
1.705556 1
2.292145 1
0.091622 1
1.566311 1
0.967064 1
0.360773 1
0.132678 1
1.711851 1
0.531527 1
1.177207 1
0.146643 1
0.122186 1
11.369983 11
0.009199 8
0.000167 90
2.920685 1
0.167997 1
0.280129 1
1.050576 1
0.169179 1
1.864640 19
0.000411 72
1.227056 1
0.310002 1
0.670325 1
0.458000 1
0.481741 1
0.502452 1
1.035961 1
0.408761 8
2.500562 11
0.005190 19
0.000087 29
0.000301 14
0.000209 9
0.000681 27
0.000020 44
0.000786 8
0.000069 72
63.977455 1
0.006644 1
1.035953 1
0.128641 1
1.688539 1
1.267764 1
2.530576 1
1.200015 1
1.176054 1
0.103067 1
0.196640 1
0.961919 1
1.161608 1
0.508062 1
0.568227 1
0.309838 1
1.953969 1
0.436000 1
0.245783 1
0.316155 1
0.952540 1
0.067602 1
2.150502 1
0.865441 1
0.167870 1
0.095817 1
0.976395 1
0.650027 1
2.052611 1
0.721304 1
0.476221 1
0.956196 1
1.357904 1
0.922160 1
0.754327 1
0.819138 1
0.135144 1
0.646019 1
0.157192 1
1.783753 1
0.293966 1
0.770812 1
0.551254 1
0.121903 1
0.738725 1
0.978623 1
0.182564 1
0.123915 1
10.046048 11
0.171115 80
0.911801 1
0.103160 1
0.938827 1
0.191120 1
0.918102 1
1.008698 1
0.451327 1
0.202065 12
1.668232 11
0.003364 23
0.000170 2
0.000052 52
0.000177 2
0.000169 66
0.000425 64
0.000078 2
0.000852 258
0.000150 2496
0.000630 8
0.000093 72
48.303946 1
0.267235 1
0.448440 1
0.105623 1
0.844827 2
0.000273 13
0.000028 2
