0.025514 28
0.000115 72
3.905977 1
0.323698 1
1.263994 1
0.607577 1
0.107946 1
1.011058 1
0.097583 1
0.177783 1
1.620349 1
18.065854 1
0.246232 1
0.171732 1
0.192720 1
5.813265 1
0.764489 4
0.273469 1
14.123949 1
2.391110 1
3.383788 1
0.926058 1
0.192753 1
0.208106 1
0.184080 1
0.177798 1
1.690641 1
0.861846 4
0.237709 1
2.335233 1
4.321571 1
0.193144 1
0.195887 1
0.186720 1
0.167357 1
2.224981 1
2.445286 1
0.996945 1
0.851266 1
3.318582 1
0.194986 1
0.185613 1
0.196356 1
0.218153 1
2.065039 1
15.652814 1
0.203710 1
0.189843 1
0.169625 1
0.184237 1
0.169991 1
1.038102 13
0.935554 13
2.766842 3
0.213542 3
0.194140 3
0.176099 3
0.226047 3
0.209845 3
1.117779 1
11.781477 1
0.123702 1
0.182299 1
0.173671 1
0.151918 1
1.992822 1
0.807821 1
0.641680 1
0.764765 1
2.451050 1
0.141822 1
0.180104 1
0.752830 1
1.975392 1
6.853115 1
1.009480 4
1.387858 1
2.047891 1
0.435780 3
0.165788 1
0.374177 1
0.343820 1
0.316143 1
1.215871 4
0.115833 1
1.199155 1
0.851664 1
0.667884 1
0.127262 1
0.144083 1
3.967991 2
0.000046 9
0.000583 80
2.603735 1
0.121417 1
0.250377 1
0.832243 1
0.759813 1
0.256053 1
0.165812 10
1.110446 2
0.000042 9
0.111157 4
0.001557 2
0.000636 2
0.000088 5
0.000591 2
0.000074 5
0.000023 2
0.000330 2
0.000123 2
0.000078 5
0.000094 2
0.000176 5
0.000055 2
0.000248 2
0.000060 4
0.000054 2
0.000869 8
0.000325 72
18.489948 77
0.044962 77
8.986682 1
0.010014 1
0.175555 1
2.308573 1
0.187343 1
0.526098 1
1.689996 1
1.235885 1
0.112135 1
1.852409 1
0.121180 1
0.180915 9
1.789293 11
0.004912 118
0.001253 8
0.000077 72
3.206617 1
0.521417 1
0.191877 1
0.954842 1
0.185009 1
0.270252 1
0.246168 9
1.769581 11
0.133223 126
0.000419 72
10.886735 1
0.051291 1
0.264456 1
0.190073 1
0.838778 1
0.108930 1
1.352447 1
0.902653 1
0.124793 1
0.552857 1
0.125895 9
3.228434 11
0.001428 4
0.000080 16
0.000053 11
0.000265 9
0.000022 6
0.000278 8
0.000078 72
232.587102 1
0.029087 1
0.360785 1
0.163830 1
0.670742 1
2.649401 1
0.320112 1
0.515897 1
0.049280 1
1.683003 11
0.003128 35
0.000876 8
0.000129 72
2.171654 1
0.369849 1
0.674501 1
0.087660 1
1.132600 1
0.237191 1
1.000777 1
0.279259 4
2.390209 11
0.005217 2
0.000088 30
0.000728 2
0.000102 2
0.000459 8
0.000037 72
3.302024 1
0.103108 1
1.229987 1
1.010168 4
0.135889 1
0.960596 1
0.401614 1
0.093124 4
1.149877 11
0.004744 122
0.000022 2
0.000345 8
0.001545 72
20.364692 1
0.044954 1
0.241216 1
1.011475 1
0.851837 11
0.003061 143
0.000032 2
0.000114 123
0.000014 264
0.000039 2
0.000043 141
0.000301 2
0.000051 298
0.000134 121
0.001074 305
0.001336 80
8.655982 1
0.061914 1
0.217844 1
0.207975 1
1.762334 1
0.101620 1
0.241954 1
0.184155 1
1.266004 1
1.754021 1
1.554522 1
0.315616 1
0.368076 1
0.550351 1
1.627023 21
0.000618 8
0.000180 72
3.567788 1
0.113661 1
0.750963 1
0.547329 1
0.812146 1
0.079485 1
0.216213 1
0.115760 1
1.478505 1
1.682800 1
1.967144 1
1.108929 1
0.186617 1
1.466493 1
0.408050 1
0.063543 1
0.312193 1
0.122088 1
1.476081 1
1.110637 1
1.671794 1
0.371589 1
0.399921 1
0.344196 1
1.034552 1
2.242635 11
0.009307 4
0.000074 2
0.001245 8
0.000088 72
6.131918 1
0.262062 1
0.413908 1
0.366255 1
1.008153 1
0.823981 4
0.157442 1
0.880139 1
2.398456 2
0.000230 23
0.000059 2
0.000118 8
0.000068 72
208.480509 1
0.004277 1
0.244440 1
0.198169 1
1.640025 4
0.187818 4
0.178261 4
0.173620 4
0.166154 1
0.168191 1
4.594825 1
1.122012 1
0.313254 1
0.290297 1
0.085083 1
0.656819 2
0.000610 9
0.002625 34
0.000287 2
0.000511 8
0.000066 72
16.946771 5
0.199762 1
0.500044 1
0.029151 1
0.030051 1
0.031626 1
0.030508 1
0.029990 1
0.030039 1
0.029425 1
0.055705 11
0.133285 11
0.383408 11
0.547528 2
0.000592 97
6.618373 1
0.023028 1
0.348841 1
0.795429 106
3.464508 1
0.469733 1
0.227883 1
0.183714 1
1.096825 1
1.171947 2
0.001696 9
0.002702 2
0.000052 2
0.000134 122
0.000208 14
0.034132 13
0.000017 141
0.000519 534
0.000018 143
0.000024 2
0.000011 153
0.000033 2
0.000010 119
0.000021 2
0.000095 320
0.024409 76
0.000070 2
0.000058 2
0.000041 21
0.000039 2
0.025798 101
0.000067 4
0.000066 31
0.000012 2
0.000321 58
0.000053 4
0.000012 41
0.007735 67
0.000130 4
0.000013 52
0.000384 10
0.000036 4
0.000060 49
0.005619 10
0.000209 4
0.000014 33
0.000144 30
0.000073 4
0.000038 41
0.008188 17
0.000077 4
0.000013 35
0.000231 9
0.000052 2
0.000054 2
0.001461 18
0.010461 22
0.000020 2
0.013543 88
0.000202 68
0.000012 26
0.000088 2
0.090086 73
0.000071 116
0.000018 2
0.020000 117
0.000068 2
0.000075 2
0.000026 27
0.000052 2
0.000347 80
0.000039 2
0.000032 2
0.000088 27
0.000014 2
0.000207 39
0.000100 4
0.000012 29
0.017811 39
0.000090 4
0.000114 29
0.000596 80
0.000051 82
0.000027 82
0.000015 82
0.000026 2
0.000037 2
0.000032 27
0.000030 2
0.023339 82
0.000074 2
0.000013 29
0.046891 39
0.000478 32
0.023107 98
0.000078 2
0.000047 105
0.000039 2
0.000073 2
0.000024 37
0.000102 2
0.012284 10
0.000067 4
0.000067 37
0.000013 2
0.012511 72
0.000724 4
0.000158 44
0.000134 2
0.000118 2
0.000045 46
0.000049 2
0.001540 49
0.020190 2
0.000116 34
0.000081 2
0.022258 10
0.000117 2
0.000119 2
0.000142 36
0.000063 2
0.000304 19
0.000058 2
0.000054 2
0.000019 44
0.000042 2
0.001976 51
0.010971 23
0.000054 2
0.000129 47
0.000292 21
0.000039 2
0.000060 51
0.000039 2
0.000249 17
0.000007 2
0.000190 273
0.000271 31
0.000183 2
0.011036 33
0.000019 2
0.000138 37
0.016871 75
0.000208 2
0.000098 37
0.000039 2
0.000344 41
0.020351 42
0.000009 2
0.000166 44
0.000061 2
0.019588 125
0.000188 50
0.009912 53
0.000298 29
0.000012 2
0.000236 113
0.016137 34
0.000019 2
0.016904 2
0.000183 36
0.000290 2
0.000075 22
0.000125 2
0.000748 67
0.008614 2
0.000075 30
0.000015 2
0.000133 2
0.000079 30
0.000011 37
0.000054 2
0.000044 2
0.000032 36
0.000169 26
0.000035 2
0.000162 40
0.000012 2
0.000216 39
0.000007 4
0.000725 447
0.000064 80
48.249722 1
0.093921 1
0.241401 11
0.000062 80
2.650413 1
1.640309 1
0.107512 1
0.480156 1
0.083607 1
1.568534 1
1.118605 1
0.160944 1
1.184988 1
0.759248 1
0.175876 1
0.422205 1
0.159702 1
1.214252 1
0.561260 1
0.066094 1
1.196485 4
0.174229 4
0.180126 4
0.205823 4
2.044111 1
0.732944 1
0.056959 1
2.302889 1
0.876226 1
0.318798 1
1.006932 1
0.149137 1
0.131821 1
0.746191 1
1.358017 1
0.921924 1
0.139621 1
0.660848 1
0.179349 1
0.960326 1
0.377933 1
2.088680 1
0.718425 4
0.759744 1
0.975788 1
0.135444 1
0.166388 1
0.435615 1
1.858638 1
2.139844 1
0.239380 1
0.431988 1
0.171728 1
0.719143 1
0.074669 1
3.588861 1
1.074405 1
0.297177 1
0.110181 1
0.528077 1
0.069548 1
2.302462 1
1.628102 1
0.085704 1
0.257962 1
0.528208 1
3.150496 1
0.549779 1
0.195412 1
0.374283 1
0.157830 1
0.592072 1
0.117604 1
2.115236 1
1.127969 1
0.303084 1
0.133974 1
0.535417 1
0.080458 1
1.802503 1
1.874460 1
0.303492 1
0.141766 1
0.332627 1
0.365576 1
1.716018 4
0.127598 1
2.716928 148
5.390473 155
0.028416 155
0.079359 155
0.210511 155
4.927322 155
0.340884 155
0.219124 155
6.952350 159
0.596033 73
25.422972 11
0.101101 8
0.000236 72
3.280287 71
0.277064 1
0.754339 3
0.423978 151
1.077511 1
0.485365 1
1.192765 4
0.609560 1
0.683782 1
0.380056 1
0.065502 1
0.934379 4
0.140125 4
0.954595 1
0.078824 1
1.811233 1
0.012374 1
0.819679 4
0.185029 4
0.174116 1
0.852642 1
0.489448 1
1.227881 1
0.933242 1
0.170789 1
0.174102 1
0.285980 1
0.209782 1
0.206000 1
0.312406 1
2.489960 1
0.802407 4
0.369589 1
0.660480 1
0.675945 1
0.082849 1
0.200439 1
2.435886 1
1.600498 1
0.319778 1
0.246004 1
0.402135 1
0.175780 1
0.198005 1
0.433920 1
1.552083 1
2.310651 1
0.233449 1
0.189918 1
0.292405 1
0.293769 1
0.237987 1
1.745852 1
1.008749 1
0.239175 1
0.476489 1
0.281817 1
0.185753 1
0.200145 1
0.260069 1
2.816090 1
3.046490 1
0.140839 1
1.504714 1
0.271779 1
0.203821 1
1.233972 1
0.268159 1
0.163717 1
0.386351 1
10.760446 11
0.006249 8
0.000918 72
2.130454 1
0.089744 1
0.222146 1
1.379680 1
0.178095 1
0.402338 1
0.110459 4
2.276101 11
0.002690 58
0.000024 2
0.003014 8
0.000177 72
2.671392 1
0.115377 1
0.270848 1
0.811275 1
0.360524 1
0.194037 1
0.259980 1
0.194479 4
1.825301 2
0.000042 9
0.003532 63
0.000053 2
0.001035 8
0.000091 72
32.349959 1
0.543683 1
0.319958 1
1.341893 1
0.093688 1
1.278462 1
0.508044 1
0.521779 1
1.358055 1
0.901927 1
1.118781 1
0.903334 1
0.594129 1
0.604076 1
1.529848 1
1.178675 1
1.148083 1
0.727135 1
1.438573 1
0.891664 1
1.705559 11
0.007026 8
0.000011 72
1.203020 1
0.105639 1
1.105146 1
1.367261 1
0.082693 1
1.174460 4
0.531193 1
1.316123 1
0.455922 1
1.259834 1
7.435641 2
0.000009 9
0.006104 120
0.000648 8
0.000208 72
5.730405 8
0.625877 1
0.835629 7
1.317580 11
0.004477 2
0.000200 34
0.000170 2
0.000078 2
0.000250 6
0.000045 13
0.000464 4
0.000106 6
0.000409 15
0.000044 2
0.000012 2
0.000247 8
0.000023 4
0.000280 4
0.000017 2
0.000509 8
0.000066 72
32.122696 1
0.333906 1
0.141706 1
1.874470 1
0.101371 1
0.256927 1
13.577783 1
1.006617 1
3.025015 1
2.930640 11
0.101995 80
2.241039 9
0.607709 1
0.517617 1
0.287974 1
0.423610 3
0.210345 3
0.240228 3
0.717634 4
0.112913 4
0.381366 1
0.193879 1
0.269057 9
0.500433 9
0.029301 7
0.029976 9
0.032636 9
0.028640 1
0.030767 1
0.029999 1
0.030366 1
0.030194 1
0.029724 1
0.592052 5
0.079831 5
1.225937 11
0.006652 80
13.470426 4
0.334185 1
0.543814 1
0.306325 3
0.166549 3
0.809976 1
0.546407 5
0.456156 5
0.421888 7
0.906543 7
0.785884 2
0.000224 9
0.004407 4
0.001065 8
0.000049 72
9.970236 1
0.137237 1
0.416153 1
0.191824 1
0.254310 1
0.109649 1
0.851454 1
0.360885 1
0.179807 1
0.060174 1
1.788145 11
0.004780 8
0.000088 72
28.235305 1
0.397509 1
0.442201 1
0.139707 1
0.362329 1
0.970718 1
0.909658 1
0.887713 1
0.235954 1
0.200332 4
2.315748 1
0.344236 5
3.502278 1
0.165474 1
0.246199 1
0.957640 1
0.219833 1
1.742713 1
0.549427 1
0.268371 1
0.341783 1
0.390036 1
5.123737 1
0.734895 1
0.284020 1
0.867234 1
0.133692 1
0.143359 4
2.325777 1
0.064698 5
2.050638 1
0.184146 4
2.089733 1
0.316401 1
0.399604 1
0.103749 1
0.266353 1
1.892309 1
0.660008 1
0.517528 1
0.314138 1
0.140611 6
2.715202 1
0.110468 5
1.836528 1
0.122042 5
2.079250 1
0.742541 1
0.339179 1
0.121737 1
0.566367 1
2.222499 11
0.002305 8
0.000076 72
2.061125 1
0.123548 1
0.238394 1
0.682598 1
0.649429 1
1.944405 1
0.209550 1
1.019091 1
0.264885 1
0.119029 1
0.841771 4
0.373244 1
0.090434 4
6.079253 11
0.002665 8
0.000023 2
0.000208 58
0.002411 159
0.000329 80
33.910721 1
0.312419 1
0.456865 1
0.560807 1
0.076003 1
1.028691 1
1.249077 1
0.133914 1
0.241613 1
0.592751 1
0.101524 1
0.364278 1
1.716403 11
0.005103 8
0.000084 72
1.125457 1
0.069032 1
0.264225 1
1.024543 1
0.351414 1
0.157308 1
0.106886 5
1.737757 107
1.641920 1
0.182001 1
0.139668 1
0.974312 1
0.064001 1
1.814210 1
1.279300 1
2.070101 1
0.864911 4
0.331756 1
1.596922 1
0.187494 1
0.217469 1
0.864198 4
0.398811 1
0.120386 4
1.492275 1
1.862531 1
0.828054 1
2.079904 1
0.126801 1
0.186641 1
0.252171 4
6.317261 11
0.104324 96
1.103206 1
0.107495 1
1.631626 1
1.084861 1
1.746684 1
1.132769 1
0.089103 1
0.173491 1
0.210996 4
1.756002 1
0.217751 6
1.805683 2
0.000012 9
0.003068 60
0.000989 8
0.000044 88
23.872833 1
0.122525 1
0.179943 1
2.441411 1
0.060837 1
1.249790 1
1.049450 1
0.762611 1
1.647592 1
0.948162 4
0.073538 1
0.106049 1
0.615199 1
0.165579 1
1.047459 3
4.140775 11
0.175721 96
3.554750 1
0.092348 1
0.226674 1
0.957234 1
1.410903 2
0.000939 9
0.112034 69
0.000260 2
0.000031 69
0.000020 2
0.000025 70
0.000019 2
0.000023 60
0.000019 2
0.000024 75
0.000019 2
0.000023 64
0.000019 2
0.000023 74
0.003304 1113
0.001187 8
0.000215 88
56.507937 1
0.018208 1
0.783892 1
1.003797 1
0.877602 1
0.255339 1
1.704724 1
2.152638 1
0.148792 1
0.268208 1
0.158691 5
3.237123 2
0.000076 9
0.026181 67
0.000134 2
0.000095 71
0.000061 2
0.000060 9
0.000059 2
0.000087 62
0.000063 2
0.000061 48
0.000059 2
0.000059 2
0.000060 65
0.000034 2
0.000085 65
0.000099 2
0.000042 10
0.000038 2
0.000037 2
0.000037 17
0.000037 2
0.000037 31
0.000045 2
0.000024 34
0.000060 2
0.000038 35
0.000043 2
0.000056 1
0.000034 17
0.000051 2
0.000020 8
0.000251 264
0.000298 8
0.000066 88
19.932204 1
0.732327 1
0.153388 1
0.135629 1
5.708481 1
1.159952 1
0.682373 1
1.371584 1
1.423864 1
0.111849 1
1.196376 1
0.189694 1
0.080425 5
3.390760 2
0.000440 9
0.036903 67
0.000522 505
0.000018 2
0.000022 2
0.000010 57
0.000233 32
0.017123 28
22.855554 57
1.100419 6
0.000027 2
0.000033 28
0.205299 5
0.000027 2
0.000161 28
0.216384 88
0.371661 66
0.395946 64
0.276281 8
0.000277 96
3.452345 1
0.141156 1
0.156250 1
1.647932 1
0.770573 1
0.683875 1
1.701581 1
0.151732 1
0.192161 1
0.288448 5
2.325989 1
0.748292 1
1.631376 1
1.245888 1
0.426280 1
0.357986 1
0.463964 1
0.103666 1
3.632307 11
0.100137 8
0.000221 88
20.035756 1
0.035615 1
0.628758 1
1.425688 1
0.809811 1
1.084797 1
0.222819 1
2.890465 4
0.886702 1
0.267939 1
1.305311 1
0.148656 5
1.229035 11
0.004076 67
0.000068 73
0.000124 13
0.000060 112
0.000143 136
0.000056 14
0.000041 54
0.000077 71
0.000136 20
0.000118 10
0.000054 63
0.000134 58
0.000048 6
0.000076 96
0.000389 37
0.000017 4
0.000487 8
0.000091 88
27.236016 1
0.071979 1
0.222014 1
3.117532 1
0.895036 1
1.042466 1
1.535072 1
0.371875 1
0.236521 4
3.751997 1
0.885672 1
2.035985 1
0.796091 1
0.620128 1
0.532079 1
0.137994 1
1.289828 1
0.065601 1
2.150500 4
0.519664 1
2.665987 11
0.005500 8
0.000166 88
3.311544 20
0.256168 35
0.671562 33
0.754209 37
0.804002 31
0.377802 35
0.469996 1
1.629237 7
0.203863 7
0.207952 7
0.335584 7
0.588890 3
0.375710 3
0.243911 3
0.099699 3
3.878478 7
0.519465 3
7.059081 11
0.003181 67
0.000096 2
0.000076 344
0.000015 23
0.000103 126
0.000057 8
0.000053 6
0.000024 119
0.000045 4
0.000048 59
0.000278 76
0.000845 96
53.094807 1
0.468112 1
0.119514 1
1.276179 1
0.830724 1
2.709135 1
1.296221 1
0.157826 1
0.224788 4
2.241719 11
0.003095 8
0.000078 88
0.868997 1
0.123019 1
0.444466 1
1.998391 1
1.335494 4
0.500064 4
0.028846 4
0.030396 4
0.030344 1
0.029523 1
0.029995 1
0.029875 1
0.029818 1
0.399605 12
0.418506 31
2.453061 11
0.003111 67
0.000242 2
0.000176 71
0.000060 2
0.000047 9
0.000141 2
0.000054 62
0.000046 2
0.000327 48
0.000049 2
0.000330 2
0.000103 144
0.000026 90
0.000072 37
0.000074 20
0.000156 14
0.000662 2
0.000022 258
0.000547 8
0.000098 88
28.061943 1
0.006694 1
2.059165 1
1.416185 1
0.377722 1
1.652166 1
0.791163 1
0.330687 1
0.283872 1
1.012577 1
0.609911 1
1.419501 1
0.802346 1
0.439141 1
1.203900 1
0.362935 1
0.203836 1
0.394094 1
0.250819 4
4.088703 11
0.007033 96
2.380090 1
0.098997 1
0.610818 11
0.001598 71
0.000269 2
0.000228 8
0.000069 88
19.611337 1
0.183923 1
0.728333 2
0.000510 9
0.000181 8
0.000078 72
1.190895 1
0.066096 1
0.325793 1
0.266266 1
0.267842 1
0.746624 1
0.193294 1
0.605590 1
0.150340 1
0.959272 83
0.000680 2
0.000848 8
0.000070 72
28.391382 1
0.179833 1
0.129632 1
1.438483 1
0.105737 1
0.149975 1
0.770891 1
0.080898 1
0.226422 1
0.494119 1
0.534340 1
0.271342 1
0.680690 4
0.139144 4
0.190101 1
0.476392 1
0.750101 2
0.000678 9
0.007836 8
0.000300 72
0.381819 12
0.178020 39
0.807901 19
0.000198 86
5.185415 1
0.149205 1
0.236767 1
0.181700 1
0.509988 1
1.236127 1
0.340011 1
0.167927 1
0.175856 1
1.002776 1
0.259198 1
1.492262 1
0.762511 1
0.091132 1
1.240287 1
0.656801 1
0.419210 1
0.378833 1
0.059000 1
1.215773 1
0.360651 1
0.329610 1
0.242369 1
0.089527 1
2.374244 1
0.235663 1
0.188254 1
0.229982 1
0.926807 1
1.473462 11
0.005135 8
0.000186 86
1.941051 1
0.117032 1
0.380457 11
0.005101 29
0.000838 8
0.000076 86
2.746039 1
0.095361 1
0.262550 1
0.532071 1
0.564173 1
4.119959 2
0.000794 9
0.002806 27
0.000315 2
0.001789 8
0.000344 86
2.099789 1
0.091553 1
0.426472 1
0.670050 1
0.255814 1
2.913961 11
0.003403 21
0.001241 2
0.000952 8
0.000171 86
0.901011 1
0.073076 1
0.514477 1
1.454387 1
0.135069 1
0.858224 4
0.115768 4
4.334488 1
0.145644 1
0.802737 4
0.145137 4
9.708904 1
0.165554 1
1.126305 2
0.653771 4
0.297868 1
1.106365 1
9.124412 2
0.000014 9
0.004988 18
0.000384 8
0.000252 86
3.220408 1
0.063071 1
0.718599 1
1.602169 1
1.201994 1
0.125002 1
0.374295 1
1.789944 2
0.000771 9
0.005835 9
0.000279 2
0.001162 94
2.938001 1
0.085823 1
2.222365 1
0.748935 1
0.140806 1
0.350144 1
2.172845 11
0.002502 3
0.001102 2
0.000683 8
0.000084 86
66.928133 2
0.004045 2
1.274606 4
0.134053 4
0.162183 1
0.978816 1
0.111050 1
1.251625 11
0.000552 80
12.420115 1
0.042969 1
0.308548 1
2.159213 1
0.086631 1
1.478747 1
0.702077 1
0.865472 1
11.136336 11
0.410536 397
0.000963 80
26.632923 1
0.086862 1
0.297681 1
0.754719 1
0.766808 1
1.675308 1
0.103619 1
0.147901 1
2.283484 11
0.003691 60
0.000083 2
0.001088 67
0.002748 80
16.107642 1
0.083189 1
1.066612 1
0.767928 1
0.838926 1
0.589012 1
0.668193 1
2.082429 2
0.000830 9
0.003849 120
